9627181	{9627181 -7.2848 [10027417, 8618855, 9562469, 12135350, 8980023]}
9470136	{9470136 -7.2848 [9427340, 8747858, 7891871, 10208640, 7992850]}
9300650	{9300650 -7.2848 [10765057, 10687744, 9621997, 9074395, 8832646]}
9343467	{9343467 -7.2848 [11939894, 9508150, 9012418, 8644717, 11790212]}
9772023	{9772023 -7.2848 [12957508, 11408727, 9403708, 8872419, 10823584]}
8830309	{8830309 -7.2848 [8596645, 9040748, 9520006, 8791246, 8731381]}
9577654	{9577654 -7.2848 [9307578, 12451676, 9804121, 10682216, 8980016]}
12169205	{12169205 -7.2848 [10483785, 10534164, 9791536, 9621997, 10775535]}
9370233	{9370233 -7.2848 [11325345, 8744402, 10767725, 10952022, 11778650]}
10867779	{10867779 -7.2848 [11571321, 12495082, 9781520, 8859062, 9785148]}
12657895	{12657895 -7.2848 [9665654, 10775884, 9549720, 11071064, 10411671]}
12614323	{12614323 -7.2848 [9700208, 8614504, 9343467, 9626772, 12355988]}
9307578	{9307578 -7.2848 [9052714, 9920359, 10624576, 12053131, 12355988]}
7849527	{7849527 -7.2848 [8596645, 8890772, 7816154, 7898715, 8797010]}
9852204	{9852204 -7.2848 [10354518, 9012418, 11320185, 10490274, 12457072]}
9482248	{9482248 -7.2848 [8830319, 9674791, 8014966, 8075646, 8128960]}
12490540	{12490540 -7.2848 [10571241, 12376533, 12670700, 10959835, 12882964]}
8273205	{8273205 -7.2848 [12226532, 12011307, 8741397, 8039724, 11068149]}
8082773	{8082773 -7.2848 [9520006, 12581338, 8624080, 7595656, 11193807]}
8047278	{8047278 -7.2848 [8614504, 8624095, 9369084, 7746463, 7574468]}
10381540	{10381540 -7.2848 [9751198, 10501208, 9422368, 7637575, 11711530]}
7936253	{7936253 -7.2848 [8710076, 7970234, 8669492, 8702415, 8525796]}
8867021	{8867021 -7.2848 [12876259, 7992850, 8702415, 8890772, 8525796]}
14501016	{14501016 -7.2848 [9460714, 9369317, 11305869, 7615568, 7695621]}
11095526	{11095526 -7.2848 [10454160, 11041282, 11231028, 10980578, 12962909]}
9290497	{9290497 -7.2848 [8993479, 9057170, 8826994, 11416775, 10746604]}
11860878	{11860878 -7.2848 [9831815, 9343467, 11285089, 9626772, 10194255]}
11775232	{11775232 -7.2848 [8710077, 9369084, 10940674, 9619639, 8947284]}
9066363	{9066363 -7.2848 [12787320, 8841664, 7566000, 9213069, 8203459]}
10854768	{10854768 -7.2848 [12609489, 9033257, 11553277, 11113336, 8980023]}
9704150	{9704150 -7.2848 [9369084, 10998553, 8069300, 11775232, 7824157]}
9876967	{9876967 -7.2848 [9181358, 8773610, 9409253, 7550352, 9148246]}
9596412	{9596412 -7.2848 [9033259, 9258256, 10737598, 8786379, 11556686]}
11889238	{11889238 -7.2848 [9343467, 10448801, 9626772, 8669492, 9876966]}
12566177	{12566177 -7.2848 [9678311, 11016543, 12548360, 10634455, 11255440]}
10362893	{10362893 -7.2848 [12417380, 9052712, 12417379, 12876259, 8614504]}
7922348	{7922348 -7.2848 [12581343, 9460714, 9024330, 8596645, 8833436]}
9382479	{9382479 -7.2848 [9343467, 9508150, 11939894, 11790212, 7818244]}
8878109	{8878109 -7.2848 [9850873, 9329486, 9187933, 9223597, 9678311]}
10934557	{10934557 -7.2848 [9920359, 12629906, 10682216, 11683989, 11535112]}
7619525	{7619525 -7.2848 [8631862, 9398632, 9030704, 12787320, 9460714]}
9831992	{9831992 -7.2848 [9831993, 9508150, 9831994, 9831995, 9343467]}
11421127	{11421127 -7.2848 [9369084, 11775232, 8069300, 11482130, 9494696]}
11445269	{11445269 -7.2848 [12457072, 11756600, 8614504, 10737693, 10851367]}
9482681	{9482681 -7.2848 [9674791, 8669492, 10430421, 10609670, 8618665]}
9520006	{9520006 -7.2848 [8669492, 10867785, 10912914, 12411758, 11115331]}
8596269	{8596269 -7.2848 [11775232, 10329743, 8947284, 9347936, 9619639]}
11378846	{11378846 -7.2848 [9343467, 10541592, 11939894, 11095526, 8644717]}
9467014	{9467014 -7.2848 [9700208, 10525981, 11095526, 9756330, 9811931]}
8290946	{8290946 -7.2848 [8624097, 7853720, 8993483, 11743999, 11193807]}
7884953	{7884953 -7.2848 [9074396, 8797010, 8592548, 9823831, 10811879]}
7566000	{7566000 -7.2848 [8596645, 9520006, 12787320, 7992850, 8890772]}
10364641	{10364641 -7.2848 [10208278, 9520006, 10559559, 12552038, 8791246]}
11193807	{11193807 -7.2848 [9700658, 8820179, 10212558, 7532337, 12486146]}
10980578	{10980578 -7.2848 [11113217, 9756330, 12962909, 11095526, 12105308]}
8740984	{8740984 -7.2848 [7746463, 12355988, 9307578, 10624576, 7888092]}
8161573	{8161573 -7.2848 [11589913, 8614504, 11470958, 10349334, 7746463]}
10352866	{10352866 -7.2848 [9524800, 10867214, 9549589, 12453673, 11448080]}
9316155	{9316155 -7.2848 [11851296, 12355988, 10488446, 10349334, 9307578]}
9831633	{9831633 -7.2848 [12957508, 12214015, 10765057, 7763336, 10939571]}
7700274	{7700274 -7.2848 [7944299, 11302074, 9693262, 8747858, 10319883]}
10867214	{10867214 -7.2848 [10352866, 10026381, 8624079, 11032626, 11835377]}
9920359	{9920359 -7.2848 [9307578, 12433263, 12629906, 10682216, 12552037]}
8596645	{8596645 -7.2848 [7566000, 9520006, 10483785, 9040748, 8830309]}
7585009	{7585009 -7.2848 [8624097, 10079962, 7566000, 7898715, 9051750]}
10570509	{10570509 -7.2848 [10567488, 9728943, 8747858, 8848271, 8651641]}
8830319	{8830319 -7.2848 [9482248, 9674791, 9259370, 8128960, 8530010]}
12205106	{12205106 -7.2848 [12457072, 9343467, 8618665, 9674794, 11807900]}
10944562	{10944562 -7.2848 [9728943, 12457072, 11790634, 10364643, 9848808]}
11683989	{11683989 -7.2848 [10349334, 12552037, 11535112, 9920359, 12788204]}
9482249	{9482249 -7.2848 [9539409, 9482681, 11684904, 9225693, 9823831]}
10369830	{10369830 -7.2848 [10190327, 10206226, 9536100, 10699053, 9863603]}
8854306	{8854306 -7.2848 [9484353, 12901781, 9850873, 11987699, 11893839]}
9184634	{9184634 -7.2848 [9559926, 11240021, 11311545, 11161595, 12971913]}
7574468	{7574468 -7.2848 [8614504, 8128960, 9369084, 8624095, 8047278]}
9855862	{9855862 -7.2848 [10785619, 10818526, 12782758, 11940689, 11940706]}
10637934	{10637934 -7.2848 [9854388, 10912914, 10192210, 8811124, 11578751]}
9697689	{9697689 -7.2848 [11723294, 11889238, 12584430, 12787320, 10609670]}
9211985	{9211985 -7.2848 [9265639, 9003062, 7721816, 10936880, 10816430]}
8993489	{8993489 -7.2848 [9521254, 10886308, 10599773, 12142731, 11173877]}
10860300	{10860300 -7.2848 [10855603, 12480755, 11711225, 9660395, 11721146]}
7644022	{7644022 -7.2848 [8624098, 8596645, 10483785, 9520006, 7566000]}
9886074	{9886074 -7.2848 [9265639, 11070505, 10428074, 10413465, 9003062]}
9222170	{9222170 -7.2848 [9572586, 9178861, 11076057, 9148246, 9637403]}
7773573	{7773573 -7.2848 [7891887, 8624076, 8171342, 7649988, 11844476]}
9547165	{9547165 -7.2848 [10668702, 7783963, 8618881, 9292886, 10668703]}
8624079	{8624079 -7.2848 [8572669, 7566000, 8596645, 8731381, 8890772]}
11157409	{11157409 -7.2848 [10625715, 12457072, 8618665, 11807900, 9012418]}
11070505	{11070505 -7.2848 [10502286, 9265639, 11848621, 12486146, 9886074]}
8679539	{8679539 -7.2848 [9265639, 9003062, 8823200, 8631862, 9211985]}
12486146	{12486146 -7.2848 [12451108, 10818140, 9265639, 11950276, 10936880]}
10088051	{10088051 -7.2848 [9494696, 9369084, 8929157, 11775232, 8614504]}
8076181	{8076181 -7.2848 [9853024, 8682150, 9125318, 7853700, 9603433]}
7969418	{7969418 -7.2848 [8993483, 7566008, 8951889, 8290946, 8295635]}
8993481	{8993481 -7.2848 [7670501, 9129722, 10462111, 8871590, 9153464]}
7815043	{7815043 -7.2848 [8773602, 8890599, 7700597, 7700596, 8173818]}
9070638	{9070638 -7.2848 [9265639, 9003062, 12486146, 8040342, 10936880]}
7639323	{7639323 -7.2848 [7977635, 7534068, 7715296, 8177532, 7615568]}
10403716	{10403716 -7.2848 [12457072, 8614504, 9848808, 12552039, 12405546]}
9129722	{9129722 -7.2848 [9181358, 8993481, 7670501, 10462111, 8871590]}
9682830	{9682830 -7.2848 [10206226, 9302273, 11015454, 10190327, 10699053]}
9285479	{9285479 -7.2848 [9850873, 8756999, 9484353, 10322238, 8854306]}
12160362	{12160362 -7.2848 [11408299, 10625715, 9508150, 9052712, 11739991]}
10027417	{10027417 -7.2848 [9627181, 11741391, 10381540, 8070517, 8618855]}
8983040	{8983040 -7.2848 [8813351, 9040748, 12787320, 8544899, 11444802]}
11589913	{11589913 -7.2848 [8161573, 12433263, 10349334, 9804121, 8980016]}
10604440	{10604440 -7.2848 [12465441, 10818508, 10936880, 11558492, 11347179]}
9328480	{9328480 -7.2848 [9700208, 10525981, 9467014, 9728943, 11354629]}
11216203	{11216203 -7.2848 [12355988, 9767914, 12788204, 10078062, 11442298]}
9040748	{9040748 -7.2848 [12787320, 8596645, 8830309, 10483785, 7824144]}
11015454	{11015454 -7.2848 [10206226, 10699053, 10190327, 9696068, 11125748]}
9619639	{9619639 -7.2848 [11775232, 10940674, 10500259, 10050959, 10329743]}
9494696	{9494696 -7.2848 [10088051, 9369084, 8929157, 11775232, 9850873]}
10208564	{10208564 -7.2848 [10525981, 12116196, 8871590, 12232782, 10505604]}
9102150	{9102150 -7.2848 [10078062, 11416775, 10329743, 11273064, 9218645]}
12451108	{12451108 -7.2848 [12486146, 10413774, 14521991, 10936880, 10611368]}
10936884	{10936884 -7.2848 [11553277, 12486146, 10694577, 9547235, 10936880]}
9596222	{9596222 -7.2848 [8659934, 8786396, 11596149, 12885574, 10528114]}
7770005	{7770005 -7.2848 [8669492, 10912914, 12581338, 9520006, 9265639]}
12167762	{12167762 -7.2848 [12095653, 9700208, 11113217, 10525981, 11343837]}
8559364	{8559364 -7.2848 [11775232, 9369084, 8128961, 7810590, 8669492]}
12067591	{12067591 -7.2848 [10766403, 12457072, 12682309, 12112161, 12205106]}
10806314	{10806314 -7.2848 [11848621, 8782820, 10656299, 11145984, 9853706]}
12556576	{12556576 -7.2848 [9876966, 7884953, 12787320, 9074396, 9524800]}
11076057	{11076057 -7.2848 [9572586, 9341576, 9350853, 9633759, 9178861]}
9153523	{9153523 -7.2848 [9674794, 8929157, 10483785, 9728943, 9343467]}
8014966	{8014966 -7.2848 [9482248, 8075646, 7944299, 7703749, 8069300]}
9708864	{9708864 -7.2848 [11458997, 9875528, 11285089, 9425904, 9756330]}
8825894	{8825894 -7.2848 [8075646, 9369084, 10998553, 8872415, 8128960]}
14501024	{14501024 -7.2848 [12468034, 11193807, 9822164, 12658281, 11553277]}
8644717	{8644717 -7.2848 [8993479, 9508150, 9343467, 11790212, 7847867]}
7478253	{7478253 -7.2848 [9100668, 12117549, 9460714, 9651008, 11325345]}
12123862	{12123862 -7.2848 [11273064, 10027555, 12951205, 10525981, 12962909]}
9018389	{9018389 -7.2848 [8596645, 9520006, 7566000, 10483785, 7675243]}
7818703	{7818703 -7.2848 [7818636, 7970234, 7891871, 7824144, 8669492]}
10840275	{10840275 -7.2848 [9678319, 9121705, 10912918, 8841664, 10487842]}
9678319	{9678319 -7.2848 [10840275, 11378241, 12581338, 9121705, 10487842]}
11816786	{11816786 -7.2848 [11898555, 11683989, 12490529, 11113612, 9877525]}
10867209	{10867209 -7.2848 [8624097, 10494348, 10818505, 12787320, 9329691]}
10338292	{10338292 -7.2848 [9003062, 8782820, 9349544, 11848621, 9211985]}
10207721	{10207721 -7.2848 [8642164, 11775232, 10541592, 12876259, 12787320]}
11325345	{11325345 -7.2848 [11377835, 10611368, 11591456, 12182886, 12541014]}
11416775	{11416775 -7.2848 [9290497, 10668705, 9369084, 7944299, 7703749]}
8039724	{8039724 -7.2848 [9290497, 8993479, 8741397, 9340872, 12011307]}
7810590	{7810590 -7.2848 [9369084, 7824157, 11775232, 8559364, 8825898]}
9147873	{9147873 -7.2848 [11769724, 12876259, 9733229, 9270069, 9701675]}
10816430	{10816430 -7.2848 [9265639, 9003062, 12486146, 9412500, 10936880]}
8791246	{8791246 -7.2848 [9329686, 7595642, 8811505, 9520006, 8830309]}
9098525	{9098525 -7.2848 [8841664, 7847069, 9460714, 9040748, 7824200]}
7672107	{7672107 -7.2848 [7615568, 7534068, 8733730, 10861213, 8631862]}
10604441	{10604441 -7.2848 [9014911, 12115887, 8871952, 9219743, 11705626]}
12755040	{12755040 -7.2848 [11775232, 10329743, 10439444, 10732806, 12037434]}
12399018	{12399018 -7.2848 [9572586, 10027548, 9637403, 9222170, 9148246]}
10671320	{10671320 -7.2848 [10490274, 11165374, 12374623, 9626772, 11327877]}
11591456	{11591456 -7.2848 [12182886, 11325345, 11698153, 11822882, 11403971]}
12471457	{12471457 -7.2848 [10912918, 12049183, 8669492, 10483785, 10912914]}
10401448	{10401448 -7.2848 [11746653, 10944562, 9848808, 12192621, 12457072]}
10705163	{10705163 -7.2848 [9152721, 10422994, 9520135, 9681639, 10835442]}
7763336	{7763336 -7.2848 [8833436, 12957508, 9265639, 8725748, 8929157]}
12419536	{12419536 -7.2848 [10611368, 10694577, 11045665, 10718322, 12486146]}
11248079	{11248079 -7.2848 [8592548, 11986126, 9780089, 11281316, 10944562]}
11804704	{11804704 -7.2848 [10025785, 9678311, 11016543, 10771168, 10939571]}
12676346	{12676346 -7.2848 [8804040, 7700578, 10419818, 9862571, 12095226]}
10656299	{10656299 -7.2848 [10806314, 11743999, 12486146, 9852204, 10936880]}
7617191	{7617191 -7.2848 [9369084, 8929157, 8872415, 8731381, 8797010]}
9325076	{9325076 -7.2848 [9327723, 9588907, 11531831, 7474917, 11212354]}
9137113	{9137113 -7.2848 [8929157, 11173877, 9850873, 9619150, 11673590]}
7853720	{7853720 -7.2848 [10912914, 8203459, 9916507, 12787320, 9003062]}
11769724	{11769724 -7.2848 [8797010, 9369084, 10998553, 11775232, 7970234]}
11535112	{11535112 -7.2848 [11683989, 9877525, 12788204, 10682216, 11122949]}
8741132	{8741132 -7.2848 [8939277, 9701675, 10687744, 12876259, 9733229]}
7847867	{7847867 -7.2848 [8993479, 8644717, 10910426, 9508150, 7818244]}
11212354	{11212354 -7.2848 [10936880, 11193807, 9067471, 11816788, 8915608]}
7654070	{7654070 -7.2848 [10912224, 7579137, 8977148, 9566384, 8622392]}
9295092	{9295092 -7.2848 [9572591, 9237487, 10940674, 8871590, 9876966]}
10213152	{10213152 -7.2848 [11775232, 12584430, 10190327, 12498968, 9700208]}
11173882	{11173882 -7.2848 [11357958, 10081980, 10319883, 12451676, 9855543]}
8058160	{8058160 -7.2848 [9369084, 8669492, 8128961, 7487559, 7486872]}
10372566	{10372566 -7.2848 [10381540, 9592052, 10501208, 11711530, 9751198]}
8035940	{8035940 -7.2848 [8702415, 7992850, 7847865, 7970234, 7891871]}
8572669	{8572669 -7.2848 [12787320, 8993478, 11173877, 9850873, 8596645]}
10079115	{10079115 -7.2848 [12451108, 12486146, 11950276, 10936880, 11325345]}
7738980	{7738980 -7.2848 [8993483, 7969418, 7566008, 12226533, 8674441]}
12629906	{12629906 -7.2848 [9920359, 12552037, 10488446, 10349334, 12355988]}
7944308	{7944308 -7.2848 [7944299, 8825898, 9137113, 7816154, 8825894]}
10528114	{10528114 -7.2848 [12379263, 9678319, 11741391, 12232782, 10936880]}
9329691	{9329691 -7.2848 [9929679, 11493026, 12787320, 10867209, 14501024]}
11182472	{11182472 -7.2848 [9520006, 12471457, 12552038, 10364641, 8791246]}
7977635	{7977635 -7.2848 [7534068, 7639323, 8890772, 8631862, 9460714]}
7532337	{7532337 -7.2848 [9700658, 8820179, 10212558, 11193807, 8652146]}
10936881	{10936881 -7.2848 [12214015, 12459889, 11132184, 10652986, 10939571]}
9844031	{9844031 -7.2848 [8871590, 9280167, 10462111, 7670501, 9572591]}
10534156	{10534156 -7.2848 [11409442, 11347179, 12465441, 10970054, 11835377]}
9327086	{9327086 -7.2848 [10912224, 9369084, 11775232, 7654070, 12876259]}
8624096	{8624096 -7.2848 [8669492, 12787320, 10867785, 9189032, 10818505]}
12095653	{12095653 -7.2848 [12167762, 9700208, 11095526, 11113217, 10587578]}
9721442	{9721442 -7.2848 [7574461, 10939571, 8880693, 12957490, 9559653]}
8669492	{8669492 -7.2848 [8624096, 10867785, 12787320, 11895043, 10912914]}
8825898	{8825898 -7.2848 [9369084, 7944299, 7970216, 10998553, 8848271]}
11816788	{11816788 -7.2848 [12944519, 11950276, 10912914, 10852539, 11212354]}
9225693	{9225693 -7.2848 [10559561, 7473659, 8075646, 8993481, 9153464]}
8086986	{8086986 -7.2848 [9366728, 7703749, 9625186, 8075646, 9290497]}
9705582	{9705582 -7.2848 [11302074, 11071064, 11015454, 10637933, 10636159]}
11336076	{11336076 -7.2848 [9340872, 12876259, 9785148, 10867779, 10050959]}
8890929	{8890929 -7.2848 [8633046, 9349544, 7802679, 8710175, 8687416]}
10852539	{10852539 -7.2848 [12944519, 10694577, 11950276, 10611368, 10936880]}
10679292	{10679292 -7.2848 [12609489, 10381540, 12105373, 14501024, 11598497]}
10611368	{10611368 -7.2848 [11045665, 12419536, 10694577, 10852539, 12451108]}
12384789	{12384789 -7.2848 [12807963, 12810610, 9572586, 12555245, 11941486]}
11113217	{11113217 -7.2848 [12105308, 10980578, 10525981, 9756330, 11095526]}
10559559	{10559559 -7.2848 [8811505, 9878186, 9520006, 8890772, 10364641]}
12930057	{12930057 -7.2848 [10206226, 10558867, 11285089, 10190327, 11684904]}
12411763	{12411763 -7.2848 [9017530, 9598682, 10071711, 10910416, 11936239]}
7970234	{7970234 -7.2848 [8702415, 7992850, 8669492, 7841371, 7891871]}
10601411	{10601411 -7.2848 [9728943, 11835377, 11281316, 9506546, 12405544]}
7891889	{7891889 -7.2848 [8558171, 9470130, 9520006, 9786245, 8710076]}
12809979	{12809979 -7.2848 [12507914, 11354629, 12161276, 12192623, 10822352]}
10325447	{10325447 -7.2848 [9343467, 9012418, 11939894, 9831815, 7944299]}
12962909	{12962909 -7.2848 [10980578, 11095526, 9756330, 12105308, 11113217]}
9678311	{9678311 -7.2848 [11255440, 10634455, 11016543, 12433260, 10369305]}
9486747	{9486747 -7.2848 [9486746, 9831993, 9831992, 9831994, 9831995]}
8557181	{8557181 -7.2848 [9383026, 9786612, 11257253, 9340872, 11360807]}
8089103	{8089103 -7.2848 [7721816, 9265639, 9003062, 9030704, 9412500]}
12355988	{12355988 -7.2848 [10624576, 9052714, 12433263, 12053131, 9307578]}
8624076	{8624076 -7.2848 [7592957, 9265639, 8040342, 12486146, 9461617]}
11312553	{11312553 -7.2848 [11844869, 9743578, 10381540, 11454984, 12105373]}
11531831	{11531831 -7.2848 [9325076, 9740234, 9566379, 8938267, 11212354]}
9701681	{9701681 -7.2848 [12212789, 10687744, 9635475, 8576504, 8741132]}
11501342	{11501342 -7.2848 [11302074, 10567488, 12147333, 9812182, 12459519]}
11327877	{11327877 -7.2848 [11743999, 12607822, 12392766, 10737615, 10671320]}
8848934	{8848934 -7.2848 [7951679, 7964823, 11273064, 10940674, 10687744]}
10885540	{10885540 -7.2848 [10421878, 10501193, 7673184, 8071310, 9782459]}
9529753	{9529753 -7.2848 [9369084, 7668835, 11775232, 7824157, 8786847]}
9329722	{9329722 -7.2848 [7951679, 8042228, 8848934, 12876259, 12417380]}
12811635	{12811635 -7.2848 [11015454, 9219874, 10869806, 12826741, 11863377]}
10801051	{10801051 -7.2848 [11769625, 11273849, 11007687, 10030402, 7936857]}
11338204	{11338204 -7.2848 [11778650, 10611368, 10694577, 10852539, 9370233]}
10643890	{10643890 -7.2848 [10465706, 11988340, 11698154, 11303757, 9486483]}
7670501	{7670501 -7.2848 [8871590, 9280167, 10462111, 10559561, 8993481]}
8075646	{8075646 -7.2848 [8825894, 7703749, 7755355, 10998553, 9369084]}
8841664	{8841664 -7.2848 [9098525, 7824200, 9460714, 10840275, 8203459]}
8761956	{8761956 -7.2848 [8648331, 11673590, 7884953, 10818510, 9929677]}
10952022	{10952022 -7.2848 [11778650, 11193147, 11325345, 10611368, 12944519]}
8050887	{8050887 -7.2848 [7944308, 8596645, 8042921, 9169250, 7849527]}
11099722	{11099722 -7.2848 [9619639, 9013407, 10474059, 10454160, 11231028]}
9386771	{9386771 -7.2848 [8890772, 9520006, 8596645, 8834536, 7566000]}
9701675	{9701675 -7.2848 [10940674, 10687744, 8741132, 7964823, 12833577]}
8848271	{8848271 -7.2848 [9369084, 8614504, 11775232, 10998553, 8786847]}
9074395	{9074395 -7.2848 [8846237, 10448801, 10369305, 9785148, 11890488]}
9831994	{9831994 -7.2848 [9831995, 9508150, 9831993, 9831992, 8644717]}
7579137	{7579137 -7.2848 [9369084, 10912224, 7654070, 10430422, 8614504]}
9052714	{9052714 -7.2848 [9307578, 12433263, 12355988, 12451676, 9920359]}
9100668	{9100668 -7.2848 [9651008, 7478253, 8177532, 10912914, 7595656]}
12856536	{12856536 -7.2848 [12433263, 9052714, 12230301, 10682216, 12552037]}
11305015	{11305015 -7.2848 [11774719, 11775232, 10558867, 11173875, 11110974]}
7713402	{7713402 -7.2848 [8128960, 7824157, 9369084, 8614504, 8069300]}
8905608	{8905608 -7.2848 [11992623, 12402229, 11816794, 12607822, 9165306]}
8829725	{8829725 -7.2848 [12787320, 9619150, 9520006, 9850873, 11673590]}
12928512	{12928512 -7.2848 [12457072, 11173877, 9626772, 9674794, 8614504]}
10420066	{10420066 -7.2848 [8929997, 9147873, 12957508, 10936877, 12876259]}
10066860	{10066860 -7.2848 [10818513, 9576554, 8890772, 12787320, 11869551]}
11425005	{11425005 -7.2848 [9341576, 11496365, 10815129, 10394937, 10737120]}
7485228	{7485228 -7.2848 [8128960, 10712207, 9333264, 7824157, 9718053]}
12507910	{12507910 -7.2848 [11556686, 10197814, 10880397, 12379263, 11122341]}
9754236	{9754236 -7.2848 [10186439, 11071064, 8890795, 8656944, 10867214]}
8040342	{8040342 -7.2848 [9265639, 9003062, 8624076, 12486146, 12015813]}
7969426	{7969426 -7.2848 [8892351, 9265639, 11755000, 7846048, 9211985]}
7646655	{7646655 -7.2848 [10190820, 8929157, 8993485, 9484353, 9137113]}
8618881	{8618881 -7.2848 [9292886, 8993489, 12486146, 7783963, 10671644]}
11071064	{11071064 -7.2848 [10998477, 12536572, 11302074, 9619639, 12657895]}
11950276	{11950276 -7.2848 [12486146, 10694577, 10936880, 10852539, 12451108]}
9175590	{9175590 -7.2848 [12486146, 9265639, 12000192, 8040342, 9369317]}
11343837	{11343837 -7.2848 [10462111, 10525981, 11113217, 8871590, 9700208]}
7937774	{7937774 -7.2848 [8203459, 10912914, 11596149, 7695621, 9520006]}
10797593	{10797593 -7.2848 [10592690, 11035488, 12495080, 11256794, 12962909]}
9153535	{9153535 -7.2848 [9520006, 8890772, 8834536, 9386771, 12581343]}
9221977	{9221977 -7.2848 [10194255, 8871590, 9280167, 9562467, 9153464]}
9003062	{9003062 -7.2848 [9265639, 9211985, 10816430, 8040342, 12486146]}
11122949	{11122949 -7.2848 [12433263, 9920359, 10682216, 12355988, 12451676]}
11447828	{11447828 -7.2848 [10483785, 7853720, 9916507, 11193807, 8624080]}
11444802	{11444802 -7.2848 [11343827, 9121705, 12471457, 9669695, 10912914]}
9030704	{9030704 -7.2848 [9265639, 7721816, 8040342, 9916507, 9003062]}
12946703	{12946703 -7.2848 [7532337, 9015824, 14511323, 12658281, 10212558]}
9454617	{9454617 -7.2848 [10381540, 10027417, 11741391, 9689449, 11430905]}
9369317	{9369317 -7.2848 [11305869, 11325345, 9460714, 12117549, 7615568]}
9665654	{9665654 -7.2848 [12657895, 9058415, 12116196, 9290497, 9549720]}
9520001	{9520001 -7.2848 [12433263, 11683989, 10488446, 11122949, 12629906]}
10192209	{10192209 -7.2848 [11565608, 12411758, 11408727, 8309625, 8725895]}
8702415	{8702415 -7.2848 [8669492, 7992850, 7970234, 9292870, 8525796]}
11898555	{11898555 -7.2848 [11816786, 11683989, 12355988, 10230703, 11535112]}
10880397	{10880397 -7.2848 [12890772, 9236226, 12761223, 11706973, 9678319]}
11476599	{11476599 -7.2848 [9547235, 12486146, 12609489, 12901842, 12077215]}
9340870	{9340870 -7.2848 [12451676, 12629906, 9218645, 10624576, 10329743]}
8644745	{8644745 -7.2848 [9012418, 9539409, 10609670, 9674791, 9343467]}
11673588	{11673588 -7.2848 [11673590, 11940690, 8929157, 7487559, 11482130]}
10212558	{10212558 -7.2848 [9700658, 7532337, 11193807, 8820179, 10671644]}
8961669	{8961669 -7.2848 [11470958, 11576650, 12629906, 9333264, 7952845]}
7972031	{7972031 -7.2848 [7891887, 8313935, 9265639, 7566652, 7761390]}
12067484	{12067484 -7.2848 [12486146, 11193807, 11464462, 12451108, 10936884]}
7814023	{7814023 -7.2848 [12957508, 9369084, 8848271, 11775232, 9850873]}
11715112	{11715112 -7.2848 [10712207, 9333264, 9718053, 8128960, 9718052]}
9547235	{9547235 -7.2848 [12950448, 11476599, 12609489, 11578777, 9880043]}
8692753	{8692753 -7.2848 [10912914, 7695621, 7853720, 12355988, 9791536]}
7964823	{7964823 -7.2848 [7951679, 8947284, 9369084, 8848271, 10687744]}
7473659	{7473659 -7.2848 [7824157, 9369084, 7970216, 8069300, 8624095]}
11936240	{11936240 -7.2848 [9280167, 8871590, 7670501, 10462111, 11378247]}
8544899	{8544899 -7.2848 [7740560, 10912914, 12787320, 7992850, 9040748]}
8024269	{8024269 -7.2848 [8128960, 7609909, 8804993, 8069300, 7944299]}
10772123	{10772123 -7.2848 [10681402, 7612383, 8741132, 9562306, 12536572]}
11173875	{11173875 -7.2848 [10525981, 9700208, 11305015, 7751846, 11113217]}
8971103	{8971103 -7.2848 [8614504, 9674794, 9137113, 9343467, 9621997]}
12533085	{12533085 -7.2848 [9678311, 12123847, 12581338, 12147333, 12709467]}
11715411	{11715411 -7.2848 [10194255, 11769703, 9484359, 8730823, 9003488]}
9658938	{9658938 -7.2848 [7582040, 9877525, 10488446, 11925775, 10349334]}
10936877	{10936877 -7.2848 [12614323, 9811931, 7729825, 11095526, 9425904]}
11273064	{11273064 -7.2848 [12123862, 12782345, 10462111, 10953177, 7964823]}
8083685	{8083685 -7.2848 [11523146, 8083687, 9125900, 11447828, 8083686]}
10818505	{10818505 -7.2848 [11676291, 10436115, 9189032, 10411341, 7654074]}
8546162	{8546162 -7.2848 [9369084, 12355988, 8872415, 8833436, 9137113]}
11920850	{11920850 -7.2848 [12471457, 12787320, 11807900, 9700208, 10483785]}
7696609	{7696609 -7.2848 [10912224, 8624094, 9532343, 8977148, 7654070]}
7992850	{7992850 -7.2848 [7951676, 8702415, 8846238, 7891871, 8669492]}
7603172	{7603172 -7.2848 [7715296, 11930162, 7619525, 9398632, 9174000]}
8786847	{8786847 -7.2848 [9369084, 12876259, 7824157, 10998553, 8624095]}
9073026	{9073026 -7.2848 [10765057, 7814023, 9187933, 9850873, 11775232]}
9017975	{9017975 -7.2848 [11285089, 10525981, 9343467, 11076057, 9700208]}
8987775	{8987775 -7.2848 [9619150, 11493026, 8648331, 9369084, 11673590]}
10638195	{10638195 -7.2848 [7695621, 9916507, 10912914, 10867785, 9596412]}
11774719	{11774719 -7.2848 [11305015, 12355988, 12451676, 10349334, 9307578]}
8846238	{8846238 -7.2848 [8841967, 7992850, 8834536, 9520006, 8890772]}
10775535	{10775535 -7.2848 [11405810, 9576554, 9126060, 9436726, 9728943]}
9831993	{9831993 -7.2848 [9831992, 9508150, 9831994, 9831995, 8644717]}
9181358	{9181358 -7.2848 [9350853, 9129722, 7550352, 9369084, 9148246]}
12788204	{12788204 -7.2848 [12355988, 11683989, 11535112, 9920359, 9877525]}
11893834	{11893834 -7.2848 [8614504, 12457072, 9850873, 9728943, 10403716]}
9743577	{9743577 -7.2848 [10483785, 12379263, 9728943, 12552038, 11281316]}
8751868	{8751868 -7.2848 [8554056, 7977363, 9626772, 7486872, 10609670]}
10322238	{10322238 -7.2848 [11936239, 9343467, 12006218, 9674794, 9626772]}
11193808	{11193808 -7.2848 [7969418, 9622609, 7700444, 8993483, 10172880]}
9546293	{9546293 -7.2848 [9520006, 7879604, 9386771, 12552038, 8834536]}
12552038	{12552038 -7.2848 [14507342, 9520006, 7675243, 10364641, 10487843]}
10867785	{10867785 -7.2848 [8669492, 10818499, 12787320, 9520006, 8624096]}
9875528	{9875528 -7.2848 [9756330, 8069300, 8614504, 12962909, 9369084]}
7824157	{7824157 -7.2848 [8624095, 9369084, 10998553, 8069300, 8786847]}
10910426	{10910426 -7.2848 [7847867, 11376902, 8644717, 9831992, 11882744]}
12007670	{12007670 -7.2848 [11255448, 11589917, 12885570, 12142731, 12525890]}
9329686	{9329686 -7.2848 [8791246, 7595642, 9520006, 8811505, 10867785]}
9619150	{9619150 -7.2848 [11673590, 9850873, 10448801, 9137113, 8648331]}
9067471	{9067471 -7.2848 [8669492, 10912914, 8602762, 11212354, 12787320]}
9591838	{9591838 -7.2848 [10867209, 10494348, 9700658, 8820179, 8652146]}
8947284	{8947284 -7.2848 [10940674, 9270069, 11775232, 9347936, 8596269]}
7724603	{7724603 -7.2848 [12787320, 8841664, 10880397, 10912914, 9098525]}
12582468	{12582468 -7.2848 [11578751, 10349334, 9307578, 10488446, 12629906]}
8128315	{8128315 -7.2848 [8013374, 11123907, 11060356, 7542371, 10749663]}
8123007	{8123007 -7.2848 [9412500, 9523562, 11145984, 12128082, 9003067]}
7740560	{7740560 -7.2848 [8669492, 12787320, 8648331, 8544899, 7810577]}
10738542	{10738542 -7.2848 [10592684, 9597090, 7729825, 8622392, 9198315]}
9708953	{9708953 -7.2848 [9164326, 10322238, 7676127, 12116196, 9831992]}
7676127	{7676127 -7.2848 [7728146, 7970208, 9708953, 8712790, 10172880]}
8786409	{8786409 -7.2848 [10918055, 8128315, 10685028, 12117549, 11060356]}
10231806	{10231806 -7.2848 [9307578, 10624576, 12355988, 11851296, 9920359]}
9877525	{9877525 -7.2848 [12451676, 10349334, 10961427, 11535112, 12355988]}
7910910	{7910910 -7.2848 [7619017, 8993479, 7951679, 7936253, 8843828]}
7695621	{7695621 -7.2848 [8070517, 10912914, 9265639, 9460714, 10559559]}
11980062	{11980062 -7.2848 [11470958, 11166730, 8833436, 8530010, 9340870]}
8527231	{8527231 -7.2848 [11122698, 11264988, 10946021, 9568731, 10428071]}
11032626	{11032626 -7.2848 [10448801, 10766901, 9728943, 11835377, 9619150]}
9147408	{9147408 -7.2848 [8846237, 9265639, 9850873, 9187933, 7853720]}
8044413	{8044413 -7.2848 [8940294, 9631384, 10867209, 8652146, 8692753]}
12609489	{12609489 -7.2848 [9547235, 14521991, 12901842, 12392781, 12486146]}
10940674	{10940674 -7.2848 [8947284, 11775232, 9270069, 11129109, 9619639]}
8726148	{8726148 -7.2848 [8177532, 8869295, 8906609, 9083560, 8203459]}
11305869	{11305869 -7.2848 [10912914, 9265639, 10487842, 9369317, 12787320]}
11755000	{11755000 -7.2848 [11222634, 9651008, 7857652, 11755001, 7969426]}
12614344	{12614344 -7.2848 [12486146, 12015813, 12607822, 11070505, 9412500]}
12392781	{12392781 -7.2848 [12031891, 12507771, 12076977, 12609489, 12486146]}
9718052	{9718052 -7.2848 [9718053, 9333264, 10712207, 8128960, 12642767]}
11173876	{11173876 -7.2848 [11113217, 9572586, 10980578, 9811931, 12807963]}
12580698	{12580698 -7.2848 [9831993, 12580702, 9831992, 12849539, 9831994]}
9929677	{9929677 -7.2848 [9929680, 8058160, 12231459, 8761956, 11173877]}
12116196	{12116196 -7.2848 [10525981, 9756330, 12192621, 9811931, 11113217]}
10559556	{10559556 -7.2848 [9520006, 9153523, 10483785, 9066358, 12411758]}
11516561	{11516561 -7.2848 [10609670, 10687744, 9280168, 11172628, 11157409]}
10400250	{10400250 -7.2848 [9678311, 9527138, 11072138, 8846237, 10534256]}
8624080	{8624080 -7.2848 [8596645, 8890772, 7566000, 9520006, 12486146]}
9700208	{9700208 -7.2848 [9467014, 12095653, 8669492, 12167762, 10525981]}
10939571	{10939571 -7.2848 [10634455, 9678311, 11804704, 11016543, 9678319]}
8530010	{8530010 -7.2848 [7944299, 8830319, 10329743, 9482248, 9225693]}
9597090	{9597090 -7.2848 [9583189, 10559561, 11095526, 12876259, 7486872]}
8651641	{8651641 -7.2848 [9369084, 8669492, 8614504, 11775232, 12355988]}
8859062	{8859062 -7.2848 [10867779, 9626772, 9343467, 9520006, 9369084]}
9153643	{9153643 -7.2848 [8669492, 9213069, 9667603, 11343827, 10912914]}
10194255	{10194255 -7.2848 [8871590, 9221977, 9280167, 11715411, 10462111]}
7611715	{7611715 -7.2848 [7746463, 8624095, 8525799, 8651641, 8614504]}
8993479	{8993479 -7.2848 [8644717, 9508150, 9343467, 9290497, 7847867]}
9424665	{9424665 -7.2848 [10912224, 7710373, 7696609, 7654070, 8846238]}
9298817	{9298817 -7.2848 [9514597, 11710891, 11775232, 8651641, 9185685]}
9258912	{9258912 -7.2848 [9848097, 7568158, 11844476, 8624080, 11069947]}
8875468	{8875468 -7.2848 [7876895, 9460714, 8786385, 9224523, 9651008]}
12787320	{12787320 -7.2848 [8669492, 10867785, 10912914, 9189032, 7654074]}
7761390	{7761390 -7.2848 [10912914, 7695621, 9460714, 7972031, 8833436]}
12495082	{12495082 -7.2848 [11775232, 10867779, 10940674, 9619639, 10050959]}
9605496	{9605496 -7.2848 [7649988, 11844476, 8624078, 7891887, 8624076]}
11790235	{11790235 -7.2848 [11710891, 9508150, 9626772, 11715112, 7713402]}
8890772	{8890772 -7.2848 [8648331, 9520006, 8834536, 8841967, 8596645]}
12536572	{12536572 -7.2848 [11387943, 7814023, 11302074, 10411671, 10687744]}
8891070	{8891070 -7.2848 [8525803, 8834536, 9006661, 9386782, 8070517]}
10775884	{10775884 -7.2848 [9129962, 11302074, 11775232, 12116196, 10030402]}
8075630	{8075630 -7.2848 [8872415, 8075646, 9137113, 9369084, 8825894]}
11743951	{11743951 -7.2848 [9630508, 10629142, 10488949, 12834112, 12117549]}
10022033	{10022033 -7.2848 [11173877, 12876259, 10765057, 10088051, 12787320]}
7700444	{7700444 -7.2848 [11193808, 7763336, 7922348, 8833436, 10172880]}
11930145	{11930145 -7.2848 [12486146, 14574626, 12042316, 9326295, 12609489]}
10190327	{10190327 -7.2848 [10206226, 9302273, 10369830, 11015454, 11125748]}
9411578	{9411578 -7.2848 [10592634, 7676127, 10599813, 9536099, 10570512]}
8797010	{8797010 -7.2848 [9626772, 7486872, 11790212, 7884953, 9222173]}
11017931	{11017931 -7.2848 [10867785, 11936240, 12957508, 10867779, 12457072]}
8823200	{8823200 -7.2848 [9265639, 7846048, 9003062, 7534068, 8679539]}
9834545	{9834545 -7.2848 [8881379, 12856536, 12451676, 12433263, 9307578]}
11676291	{11676291 -7.2848 [10818505, 10436115, 10411341, 8669492, 12947160]}
10079962	{10079962 -7.2848 [8624097, 7585009, 9051750, 12787320, 7853720]}
7823376	{7823376 -7.2848 [9290497, 9221977, 9471175, 8086986, 9547474]}
9583189	{9583189 -7.2848 [9369084, 7486872, 8797010, 8848271, 11775232]}
8070517	{8070517 -7.2848 [7695621, 9460714, 9777946, 10912914, 11596149]}
10961427	{10961427 -7.2848 [9877525, 12433263, 9307578, 12053131, 9052714]}
8858183	{8858183 -7.2848 [9622609, 9520006, 9018389, 8993478, 9619150]}
11005255	{11005255 -7.2848 [11920850, 10936880, 10483785, 7763336, 7729825]}
8624078	{8624078 -7.2848 [8313935, 9265639, 7891887, 8804040, 11447827]}
12864777	{12864777 -7.2848 [9925654, 8864947, 7706948, 8682150, 10432380]}
10436064	{10436064 -7.2848 [9221767, 9412500, 9326451, 8996815, 11145984]}
10899434	{10899434 -7.2848 [7729825, 7763336, 11005255, 11095526, 12614323]}
11354629	{11354629 -7.2848 [8669492, 9626772, 10190327, 10525981, 11015454]}
8128960	{8128960 -7.2848 [8069300, 9333264, 7485228, 8725748, 8614504]}
8756999	{8756999 -7.2848 [9285479, 8971103, 9137113, 7755725, 9484353]}
9669695	{9669695 -7.2848 [11444802, 9822164, 12471457, 9678319, 12049183]}
10998553	{10998553 -7.2848 [9369084, 7824157, 8786847, 8069300, 8848271]}
7891887	{7891887 -7.2848 [7972031, 9265639, 7566652, 9003062, 8620924]}
8782820	{8782820 -7.2848 [11145984, 10338292, 11743999, 9412500, 9853706]}
10027549	{10027549 -7.2848 [11775232, 10940674, 11378247, 9619639, 9129962]}
8940032	{8940032 -7.2848 [10591674, 8636429, 8175773, 9445249, 8941642]}
7728146	{7728146 -7.2848 [8683540, 8830319, 9875528, 8161573, 8128960]}
9305342	{9305342 -7.2848 [8929157, 10088051, 8731381, 8841967, 8890772]}
9086466	{9086466 -7.2848 [7696597, 10765057, 12393935, 8872419, 9672379]}
10818513	{10818513 -7.2848 [10066860, 9520006, 8890772, 7992850, 12581338]}
7654074	{7654074 -7.2848 [8669492, 10818505, 9189032, 12787320, 8711797]}
9280167	{9280167 -7.2848 [8871590, 9572591, 7670501, 10194255, 10462111]}
8544551	{8544551 -7.2848 [8596645, 7566000, 9066369, 8709704, 9369084]}
11553277	{11553277 -7.2848 [10777685, 12486146, 10936884, 11844476, 14521991]}
12192621	{12192621 -7.2848 [10525981, 9756330, 11315514, 12116196, 12457072]}
10502286	{10502286 -7.2848 [11070505, 9265639, 9003062, 10816430, 11848621]}
8313935	{8313935 -7.2848 [7972031, 8624078, 9265639, 9147408, 9700655]}
8624095	{8624095 -7.2848 [7824157, 7746463, 9369084, 8614504, 8069300]}
9791536	{9791536 -7.2848 [12355988, 10483785, 8624098, 12471457, 8890772]}
9572591	{9572591 -7.2848 [8871590, 9280167, 7670501, 9562467, 9486483]}
11166730	{11166730 -7.2848 [11273064, 12876265, 10961667, 12459519, 8741397]}
7816154	{7816154 -7.2848 [8614504, 9850873, 8596645, 9369084, 7566000]}
11723294	{11723294 -7.2848 [9343467, 11939894, 9382479, 9508150, 11378846]}
9041854	{9041854 -7.2848 [9740113, 12525890, 11255448, 8912490, 10822427]}
9547474	{9547474 -7.2848 [8086986, 10910426, 11157409, 8624079, 9597090]}
8832646	{8832646 -7.2848 [9074395, 9300650, 10619631, 10765057, 9073026]}
7675243	{7675243 -7.2848 [9246676, 12552038, 9018389, 8596645, 8780111]}
10873585	{10873585 -7.2848 [11464464, 11015454, 8075646, 11076057, 9012418]}
10713392	{10713392 -7.2848 [10558867, 11015454, 8614504, 11087769, 9674791]}
9521254	{9521254 -7.2848 [8993489, 10886308, 8649552, 10599773, 8139083]}
7715296	{7715296 -7.2848 [7639323, 7615568, 8915608, 12573540, 9398632]}
9280168	{9280168 -7.2848 [10687744, 10400221, 11516561, 11527492, 11172628]}
8937829	{8937829 -7.2848 [11683989, 12856536, 10488446, 9932417, 12629906]}
12379263	{12379263 -7.2848 [10483785, 10528114, 9520006, 10487843, 9040748]}
9218507	{9218507 -7.2848 [11899259, 9763475, 11305869, 12392766, 11212354]}
7582040	{7582040 -7.2848 [10682216, 10195399, 8858181, 9920359, 10488446]}
8820179	{8820179 -7.2848 [7532337, 9700658, 11193807, 10212558, 10671644]}
7619017	{7619017 -7.2848 [8829725, 8075630, 8825898, 8993479, 7664194]}
9751196	{9751196 -7.2848 [9412500, 11553277, 9547235, 9003067, 10526094]}
11513353	{11513353 -7.2848 [9369084, 11673590, 12876259, 12457072, 9524800]}
7710373	{7710373 -7.2848 [7710374, 8596645, 7566000, 9520006, 9173910]}
10349334	{10349334 -7.2848 [10488446, 11683989, 9877525, 9307578, 10653281]}
12475089	{12475089 -7.2848 [9831815, 11285089, 11901276, 11807900, 11336076]}
7765750	{7765750 -7.2848 [8804040, 8624078, 8940294, 11125144, 7891887]}
11596149	{11596149 -7.2848 [8070517, 9460714, 7847069, 7525898, 11293821]}
10367700	{10367700 -7.2848 [11940690, 11173877, 8829725, 11513353, 7646655]}
10582625	{10582625 -7.2848 [12111863, 10391478, 12486146, 10366621, 11493026]}
8185566	{8185566 -7.2848 [8761338, 11193807, 11447828, 11145984, 8123007]}
9990558	{9990558 -7.2848 [10071711, 9137113, 9619150, 12552039, 11673590]}
8815160	{8815160 -7.2848 [9520006, 9386771, 8834536, 12471457, 8890772]}
10947802	{10947802 -7.2848 [11122341, 10366621, 10936880, 12451108, 10671320]}
8154882	{8154882 -7.2848 [9366728, 8309625, 9169250, 8674441, 9990558]}
10854569	{10854569 -7.2848 [12722978, 11311545, 11122341, 11592113, 10027417]}
7751846	{7751846 -7.2848 [11173875, 12787320, 11741391, 11673590, 10507547]}
9113034	{9113034 -7.2848 [9290497, 12011307, 11416775, 9649761, 10643890]}
8203459	{8203459 -7.2848 [7937774, 7853720, 10912914, 12787320, 8841664]}
11487050	{11487050 -7.2848 [10912914, 10559559, 7695621, 12379263, 12607822]}
8652146	{8652146 -7.2848 [7532337, 11493026, 8820179, 10867209, 8940294]}
12413003	{12413003 -7.2848 [11775232, 9181359, 12962909, 10329743, 10525981]}
9811931	{9811931 -7.2848 [10525981, 9756330, 11095526, 9425904, 12116196]}
10431657	{10431657 -7.2848 [10984073, 11743999, 11113336, 7891887, 10656299]}
9520135	{9520135 -7.2848 [9539409, 8614504, 9052712, 11172628, 14512715]}
8725748	{8725748 -7.2848 [8128960, 9333264, 10712207, 7485228, 8069300]}
12873803	{12873803 -7.2848 [9751198, 12379263, 12232782, 10528114, 9562467]}
8826994	{8826994 -7.2848 [9290497, 9057170, 7486872, 9785148, 7487559]}
7481373	{7481373 -7.2848 [12876259, 8929157, 8797010, 8786847, 8525796]}
8619535	{8619535 -7.2848 [11173877, 11673590, 7487559, 8669492, 9369084]}
10694577	{10694577 -7.2848 [11950276, 10936880, 10611368, 10852539, 12419536]}
11844476	{11844476 -7.2848 [7592957, 8171342, 9461617, 9547235, 11553277]}
7951679	{7951679 -7.2848 [7964823, 8848934, 10940674, 12876259, 10818508]}
11673590	{11673590 -7.2848 [9619150, 9524800, 12876259, 8929157, 11482130]}
12232782	{12232782 -7.2848 [10528114, 12116196, 12105308, 11173876, 9811931]}
9213859	{9213859 -7.2848 [8656944, 8526476, 8602063, 8526475, 9129729]}
12928915	{12928915 -7.2848 [11435901, 12824768, 11816789, 11684351, 12453676]}
9831995	{9831995 -7.2848 [9508150, 9831994, 9831993, 9831992, 9343467]}
9292886	{9292886 -7.2848 [8618881, 7783963, 10668702, 11716140, 10668703]}
9130294	{9130294 -7.2848 [9265639, 10936880, 7763336, 12486146, 9211985]}
12951193	{12951193 -7.2848 [9756330, 10525981, 11315514, 11095526, 11113217]}
9728943	{9728943 -7.2848 [10944562, 8648331, 8669492, 10448801, 9221969]}
7668835	{7668835 -7.2848 [7818244, 9529753, 8786847, 8669492, 8797010]}
8757051	{8757051 -7.2848 [9137113, 11173877, 9850873, 9619150, 8929157]}
11425936	{11425936 -7.2848 [10483785, 11889238, 10194255, 11849755, 10593304]}
9635475	{9635475 -7.2848 [7654070, 12212789, 10912224, 8622392, 8977148]}
12135350	{12135350 -7.2848 [8618855, 8980023, 9880043, 9547235, 11122341]}
9143266	{9143266 -7.2848 [8128960, 12787320, 9850873, 10912914, 12581338]}
7841371	{7841371 -7.2848 [8841967, 7992850, 7970234, 12876259, 12417379]}
9129962	{9129962 -7.2848 [7670501, 10462111, 8871590, 9343467, 10775884]}
7486872	{7486872 -7.2848 [8797010, 9626772, 11790212, 7487559, 9369084]}
10936880	{10936880 -7.2848 [12486146, 10694577, 11950276, 9265639, 12451108]}
10668702	{10668702 -7.2848 [10668703, 11087768, 11716140, 8669492, 9826113]}
8624107	{8624107 -7.2848 [14521991, 11553277, 12486146, 8762193, 12451108]}
9506546	{9506546 -7.2848 [11904138, 11835377, 9728943, 11673590, 10448801]}
10609670	{10609670 -7.2848 [9343467, 8669492, 9674791, 9508150, 9626772]}
9048987	{9048987 -7.2848 [9369084, 10687744, 11775232, 9786612, 7964823]}
9058415	{9058415 -7.2848 [12957508, 9665654, 10765057, 10626834, 7579137]}
10624576	{10624576 -7.2848 [12355988, 12433263, 12451676, 9307578, 12552037]}
12015813	{12015813 -7.2848 [10413465, 9265639, 11123940, 9003062, 8040342]}
11285089	{11285089 -7.2848 [8669492, 9343467, 10626834, 9674794, 9700208]}
9460714	{9460714 -7.2848 [11483304, 8875468, 9777946, 10912914, 8070517]}
8128961	{8128961 -7.2848 [9369084, 11775232, 9012418, 8644717, 8669492]}
11835377	{11835377 -7.2848 [10448801, 10601411, 9506546, 9728943, 10891924]}
7534068	{7534068 -7.2848 [7977635, 9460714, 9265639, 8040342, 8631862]}
7664194	{7664194 -7.2848 [7816154, 9137113, 7617191, 9369084, 9667569]}
11702052	{11702052 -7.2848 [9620064, 9562467, 8830319, 9572586, 9129722]}
11755017	{11755017 -7.2848 [12077730, 11177205, 12657895, 11889238, 12637699]}
8158809	{8158809 -7.2848 [9366728, 7823376, 8154882, 8993483, 9547474]}
10525981	{10525981 -7.2848 [9756330, 12116196, 12192621, 11113217, 11315514]}
12105308	{12105308 -7.2848 [11113217, 11095526, 10525981, 10980578, 12962909]}
9302273	{9302273 -7.2848 [10206226, 10190327, 9696068, 10699053, 12074828]}
8804040	{8804040 -7.2848 [8624078, 11447827, 9147408, 7765750, 7891887]}
10626834	{10626834 -7.2848 [9343467, 11231028, 9012418, 11285089, 8669492]}
10563653	{10563653 -7.2848 [10027555, 12111439, 11113217, 12123862, 10980578]}
12957508	{12957508 -7.2848 [7814023, 9222173, 9850873, 9772023, 7763336]}
8172944	{8172944 -7.2848 [8669492, 10411671, 9728943, 9340872, 9152721]}
11936239	{11936239 -7.2848 [10322238, 9343467, 9674794, 10354518, 12411758]}
8632166	{8632166 -7.2848 [7583250, 8890772, 9878186, 8177532, 7802679]}
8803820	{8803820 -7.2848 [9369084, 11775232, 8803817, 8829725, 8929157]}
10071712	{10071712 -7.2848 [8702415, 12787320, 7970234, 12962909, 9990558]}
7891871	{7891871 -7.2848 [7992850, 8702415, 7970234, 10208640, 9470136]}
12658281	{12658281 -7.2848 [14501024, 11816788, 12668899, 12657430, 11193807]}
10507547	{10507547 -7.2848 [9700208, 9626772, 11285089, 9674791, 11320185]}
7970208	{7970208 -7.2848 [8128961, 7824157, 9369084, 8128960, 8624095]}
8804993	{8804993 -7.2848 [8128960, 11825674, 10592690, 7581381, 10027549]}
9307253	{9307253 -7.2848 [10593304, 10668702, 9468467, 8676723, 9343467]}
11302074	{11302074 -7.2848 [7605379, 12394840, 11143490, 11501342, 10525138]}
8047277	{8047277 -7.2848 [7824157, 8786847, 9369084, 8069300, 8797010]}
11770221	{11770221 -7.2848 [12629906, 8521945, 12582468, 11375142, 12876550]}
12507914	{12507914 -7.2848 [12809979, 12634421, 9728943, 11889238, 10528114]}
9572586	{9572586 -7.2848 [11076057, 10027548, 9637403, 9341576, 11436129]}
10785619	{10785619 -7.2848 [11285089, 9214529, 8987775, 11281316, 10947802]}
7595656	{7595656 -7.2848 [9100668, 9460714, 8841664, 9040748, 10912914]}
8554056	{8554056 -7.2848 [8751868, 10712207, 9626772, 7485228, 7487559]}
7696597	{7696597 -7.2848 [8872419, 8841971, 10765057, 8846237, 10823584]}
11315514	{11315514 -7.2848 [11058789, 10525981, 9756330, 12192621, 12951193]}
8171342	{8171342 -7.2848 [7592957, 11844476, 9461617, 9593678, 10360679]}
10320795	{10320795 -7.2848 [9523562, 10936880, 10816430, 11553277, 10936884]}
9880043	{9880043 -7.2848 [9547235, 11476599, 8980023, 11068149, 12135350]}
7783869	{7783869 -7.2848 [9369084, 8642164, 11775232, 10411671, 9850873]}
9017530	{9017530 -7.2848 [12411763, 11971084, 8929157, 10910416, 9305342]}
8525796	{8525796 -7.2848 [8702415, 12876259, 8797010, 8841967, 7970234]}
9471175	{9471175 -7.2848 [12536572, 11071064, 10411671, 8309625, 9484353]}
9339270	{9339270 -7.2848 [9121226, 9785148, 9678311, 9447442, 9447448]}
10366621	{10366621 -7.2848 [12486146, 10799751, 14521991, 12609489, 11476599]}
9514597	{9514597 -7.2848 [11775232, 9298817, 12433263, 9307578, 9052714]}
8774959	{8774959 -7.2848 [9878186, 10528114, 12232782, 11741391, 8890929]}
10026381	{10026381 -7.2848 [10448801, 10766901, 9701675, 9619150, 11032626]}
9672379	{9672379 -7.2848 [12957490, 7717688, 9678311, 11804704, 9520072]}
8813351	{8813351 -7.2848 [8983040, 9040748, 12379263, 10528114, 12787320]}
12559836	{12559836 -7.2848 [11722612, 11734357, 12384263, 12901842, 12559837]}
9539408	{9539408 -7.2848 [12471457, 10912918, 8669492, 9520006, 10912914]}
11240021	{11240021 -7.2848 [12230303, 9559926, 12237848, 9822164, 11120597]}
8614504	{8614504 -7.2848 [9369084, 8669492, 9626772, 8871590, 8848271]}
8841967	{8841967 -7.2848 [8846238, 7841371, 8890772, 12411758, 8834536]}
9700658	{9700658 -7.2848 [10212558, 7532337, 8820179, 11193807, 10671644]}
9562467	{9562467 -7.2848 [8871590, 10462111, 9572591, 9280167, 10766998]}
11447826	{11447826 -7.2848 [11642543, 9837937, 11893773, 11861652, 11447828]}
10076900	{10076900 -7.2848 [10219785, 11912108, 11863377, 11303757, 11259129]}
9674791	{9674791 -7.2848 [9343467, 9012418, 8669492, 10609670, 9482681]}
9083560	{9083560 -7.2848 [9341932, 8744405, 8744406, 9469259, 10912914]}
10399868	{10399868 -7.2848 [9863603, 10369830, 10699053, 9836756, 10206226]}
9470130	{9470130 -7.2848 [8558171, 9143263, 12724118, 9089676, 9786245]}
10089003	{10089003 -7.2848 [9774779, 11408789, 11044587, 9106747, 10898905]}
8938267	{8938267 -7.2848 [9153643, 9073034, 9674791, 11889238, 9674794]}
12226533	{12226533 -7.2848 [12226532, 12451108, 9211985, 12486146, 8762193]}
8899655	{8899655 -7.2848 [10737125, 7668834, 11574101, 10994644, 9369084]}
8624097	{8624097 -7.2848 [7585009, 10079962, 9051750, 8993479, 9290497]}
11558492	{11558492 -7.2848 [12471457, 11173875, 12787320, 11920850, 10528114]}
7746463	{7746463 -7.2848 [8624095, 7611715, 7824157, 8047278, 9369084]}
9920995	{9920995 -7.2848 [10349334, 11925775, 12582468, 11578751, 12182886]}
7944299	{7944299 -7.2848 [9369084, 7970216, 8848271, 7847867, 8825898]}
10487844	{10487844 -7.2848 [7542371, 12609489, 11120597, 11844476, 11553788]}
12226532	{12226532 -7.2848 [12226533, 12451108, 12226534, 12486146, 11005255]}
10668703	{10668703 -7.2848 [10668702, 12365882, 11835370, 10593300, 8710076]}
11125748	{11125748 -7.2848 [10190327, 10206226, 11015454, 10369830, 10699053]}
12584430	{12584430 -7.2848 [11445256, 9482681, 9369084, 8825898, 9674791]}
9508150	{9508150 -7.2848 [9343467, 8644717, 11939894, 11790212, 10489042]}
9265639	{9265639 -7.2848 [9003062, 10413465, 10816430, 11070505, 12486146]}
8648331	{8648331 -7.2848 [9647302, 9524800, 8890772, 11281316, 9728943]}
8993478	{8993478 -7.2848 [8572669, 12876259, 8797010, 12957508, 12787320]}
8309588	{8309588 -7.2848 [8069300, 9369084, 11775232, 7970216, 11421127]}
9863603	{9863603 -7.2848 [10369830, 10206226, 10699053, 10190327, 10399868]}
11161595	{11161595 -7.2848 [9559926, 11240021, 9184634, 11553277, 12468034]}
9626772	{9626772 -7.2848 [9343467, 8797010, 8669492, 7486872, 11790212]}
8042921	{8042921 -7.2848 [9619150, 7664194, 8596645, 7944308, 8649585]}
8631862	{8631862 -7.2848 [9398632, 9265639, 8733730, 7534068, 11732920]}
7550352	{7550352 -7.2848 [9181358, 9369084, 8069300, 8614504, 9562467]}
10818510	{10818510 -7.2848 [12812866, 10461029, 10411671, 10670439, 7884953]}
8183036	{8183036 -7.2848 [8273205, 11523146, 8741397, 9340872, 12011307]}
11172628	{11172628 -7.2848 [11333435, 14512715, 8669492, 9520135, 10687744]}
12935416	{12935416 -7.2848 [11775232, 11343837, 11113217, 11315514, 11099722]}
9369084	{9369084 -7.2848 [8614504, 8069300, 8848271, 11775232, 8624095]}
9224643	{9224643 -7.2848 [9265639, 11290387, 10920030, 7721816, 10413465]}
9436725	{9436725 -7.2848 [9052712, 10625715, 11807900, 8618665, 10766901]}
11493026	{11493026 -7.2848 [11358444, 8987775, 12111863, 11122341, 11113336]}
8069300	{8069300 -7.2848 [9369084, 8128960, 7824157, 8624095, 8614504]}
7920638	{7920638 -7.2848 [9369084, 8069300, 8128961, 8128960, 11775232]}
10071711	{10071711 -7.2848 [9990558, 12411763, 11673590, 9619150, 8592548]}
10682216	{10682216 -7.2848 [8980016, 12451676, 9920359, 10488446, 12355988]}
10910416	{10910416 -7.2848 [7487559, 9137113, 9017530, 11173877, 8929157]}
9003488	{9003488 -7.2848 [9280167, 7670501, 10559561, 8871590, 9572591]}
10936886	{10936886 -7.2848 [10918055, 9265639, 8890929, 10936880, 11848621]}
11060007	{11060007 -7.2848 [10912224, 7818249, 8691961, 9424665, 7909036]}
11299424	{11299424 -7.2848 [9343467, 8614504, 8618665, 10626834, 9674791]}
8867586	{8867586 -7.2848 [11882522, 11302074, 12394840, 10846860, 11501342]}
9425904	{9425904 -7.2848 [9756330, 10213175, 9811931, 10525981, 11315514]}
10818507	{10818507 -7.2848 [12787320, 9048759, 12363410, 10818505, 9189032]}
11774713	{11774713 -7.2848 [8951889, 12668899, 12391602, 12391598, 12581343]}
9862642	{9862642 -7.2848 [8070517, 14507342, 12379263, 10880397, 10027417]}
12214015	{12214015 -7.2848 [10936881, 10939571, 9772023, 12459889, 9831633]}
7821387	{7821387 -7.2848 [9460714, 7615568, 7672107, 9003067, 11844476]}
8731381	{8731381 -7.2848 [8830309, 8797010, 8841967, 7566000, 7617191]}
8872415	{8872415 -7.2848 [9369084, 8069300, 7617191, 8848271, 7824157]}
8833436	{8833436 -7.2848 [7763336, 8596645, 8624080, 9520006, 9018389]}
10483785	{10483785 -7.2848 [12379263, 8596645, 8669492, 9520006, 12471457]}
8773610	{8773610 -7.2848 [9876967, 7550352, 8651653, 9181358, 9502209]}
8786396	{8786396 -7.2848 [11596149, 8070517, 7595656, 9460714, 8891070]}
10818499	{10818499 -7.2848 [10867785, 8669492, 12787320, 10818505, 7654074]}
8726460	{8726460 -7.2848 [9003062, 12393935, 9211985, 9265639, 10920030]}
10534164	{10534164 -7.2848 [12581338, 12787320, 10483785, 10912914, 9040748]}
8843828	{8843828 -7.2848 [7951679, 9340872, 8709703, 12876259, 8656943]}
9484359	{9484359 -7.2848 [12876259, 9292870, 10194255, 11769703, 8730823]}
7755355	{7755355 -7.2848 [8075646, 10998553, 9369084, 8825894, 7703749]}
8741397	{8741397 -7.2848 [11166730, 11347179, 8648892, 7488135, 10643890]}
9733229	{9733229 -7.2848 [12876259, 10448801, 10687744, 10835442, 9147873]}
9756330	{9756330 -7.2848 [10525981, 12951193, 10980578, 9425904, 11315514]}
11840304	{11840304 -7.2848 [11816788, 11950276, 11338204, 12451108, 10858588]}
11470958	{11470958 -7.2848 [11125144, 11576650, 11443731, 12355988, 8161573]}
8682647	{8682647 -7.2848 [8175773, 9869645, 9335533, 7526899, 7539827]}
12806589	{12806589 -7.2848 [10818534, 12355988, 10078062, 12480755, 10867200]}
9628766	{9628766 -7.2848 [11358444, 11934472, 10668702, 10794857, 11493026]}
11701639	{11701639 -7.2848 [10419818, 12917433, 12646385, 10412731, 11369806]}
10448801	{10448801 -7.2848 [8669492, 10214736, 9447442, 11889238, 10364643]}
10488446	{10488446 -7.2848 [10349334, 10682216, 12629906, 12552037, 8858181]}
12393935	{12393935 -7.2848 [8726460, 9003062, 9030704, 7721816, 9211985]}
12111863	{12111863 -7.2848 [10582625, 11493026, 12486146, 12609489, 12901842]}
10329743	{10329743 -7.2848 [9576554, 11775232, 9218645, 9619639, 8596269]}
10935434	{10935434 -7.2848 [9743563, 9520006, 12411758, 12030413, 8811505]}
9221969	{9221969 -7.2848 [8669492, 9728943, 8614504, 11281316, 11889238]}
12226534	{12226534 -7.2848 [12486146, 12609489, 12451108, 9547235, 12392781]}
7615568	{7615568 -7.2848 [7672107, 7534068, 9265639, 9030704, 8631862]}
11447827	{11447827 -7.2848 [8624078, 8804040, 7761390, 10336256, 8692753]}
12618306	{12618306 -7.2848 [12023056, 10190327, 11076057, 10194255, 10525981]}
7540552	{7540552 -7.2848 [8070517, 11738469, 12875979, 7525898, 8955927]}
8843827	{8843827 -7.2848 [9225693, 11281316, 8958361, 9831633, 9221977]}
10815129	{10815129 -7.2848 [9341576, 11067868, 10501182, 10936878, 7542371]}
7729825	{7729825 -7.2848 [7853720, 11212354, 7670501, 10936877, 9265639]}
8309587	{8309587 -7.2848 [8669492, 7810577, 11775232, 9040748, 12787320]}
9523562	{9523562 -7.2848 [9003062, 9265639, 8632164, 10816430, 11145984]}
7847069	{7847069 -7.2848 [10912914, 9098525, 9777946, 9460714, 11444802]}
9647302	{9647302 -7.2848 [8648331, 11281316, 12163621, 8816305, 9447442]}
12053131	{12053131 -7.2848 [12433263, 12355988, 9307578, 9052714, 12451676]}
8669075	{8669075 -7.2848 [11673590, 8669492, 8572669, 11315514, 8058160]}
9307262	{9307262 -7.2848 [9343467, 9369084, 9704150, 9621997, 7970216]}
12714797	{12714797 -7.2848 [8993489, 10599773, 11173877, 12637119, 12142731]}
9486746	{9486746 -7.2848 [9486747, 9831993, 9831992, 9831994, 9508150]}
10912224	{10912224 -7.2848 [7579137, 7654070, 7696609, 9327086, 7710373]}
12145452	{12145452 -7.2848 [9137113, 9619150, 9850873, 11673590, 9990558]}
8912482	{8912482 -7.2848 [9674794, 8929157, 9471175, 9018400, 10570512]}
9008509	{9008509 -7.2848 [9333264, 8128960, 9718053, 10712207, 7485228]}
7968026	{7968026 -7.2848 [11684342, 7783958, 9710033, 7776813, 9524247]}
7818244	{7818244 -7.2848 [7668835, 7847867, 9382479, 9343467, 8644717]}
11281316	{11281316 -7.2848 [9823831, 8158175, 8648331, 9647302, 12722493]}
10027555	{10027555 -7.2848 [11458997, 9369084, 11343837, 11113217, 12962909]}
9736756	{9736756 -7.2848 [8058125, 10599878, 10192208, 12957499, 8931004]}
9647321	{9647321 -7.2848 [10570509, 12584430, 9844031, 11723294, 9831633]}
10364640	{10364640 -7.2848 [12784029, 11721146, 12480755, 11711225, 10860300]}
7914580	{7914580 -7.2848 [8596645, 7936253, 10998553, 8829725, 8830309]}
10402500	{10402500 -7.2848 [10325447, 9681640, 10430422, 10912224, 11936239]}
8624098	{8624098 -7.2848 [7644022, 8596645, 10483785, 9520006, 8890772]}
9341576	{9341576 -7.2848 [9572586, 11076057, 9178861, 9633759, 10369887]}
8940294	{8940294 -7.2848 [8044413, 7729825, 8692753, 9631384, 9831633]}
10408574	{10408574 -7.2848 [10668701, 10912914, 10867785, 12552038, 12411758]}
10744589	{10744589 -7.2848 [12160362, 11074789, 10873585, 10609670, 11015454]}
9012418	{9012418 -7.2848 [9343467, 9539409, 11939894, 9674794, 8644745]}
11684904	{11684904 -7.2848 [9012418, 10626834, 11015454, 10190327, 8128961]}
14574626	{14574626 -7.2848 []}
12011307	{12011307 -7.2848 []}
12402229	{12402229 -7.2848 []}
10766403	{10766403 -7.2848 []}
12552039	{12552039 -7.2848 []}
10559561	{10559561 -7.2848 []}
9566384	{9566384 -7.2848 []}
12465441	{12465441 -7.2848 []}
10413774	{10413774 -7.2848 []}
9592052	{9592052 -7.2848 []}
9524247	{9524247 -7.2848 []}
11458997	{11458997 -7.2848 []}
8871590	{8871590 -7.2848 []}
8747858	{8747858 -7.2848 []}
11755001	{11755001 -7.2848 []}
9224523	{9224523 -7.2848 []}
7857652	{7857652 -7.2848 []}
10718322	{10718322 -7.2848 []}
9649761	{9649761 -7.2848 []}
10599773	{10599773 -7.2848 []}
9181359	{9181359 -7.2848 []}
10593304	{10593304 -7.2848 []}
8676723	{8676723 -7.2848 []}
10912918	{10912918 -7.2848 []}
12037434	{12037434 -7.2848 []}
8632164	{8632164 -7.2848 []}
9164326	{9164326 -7.2848 []}
7703749	{7703749 -7.2848 []}
10625715	{10625715 -7.2848 []}
8929157	{8929157 -7.2848 []}
9763475	{9763475 -7.2848 []}
10936878	{10936878 -7.2848 []}
9777946	{9777946 -7.2848 []}
8803817	{8803817 -7.2848 []}
10050959	{10050959 -7.2848 []}
11343827	{11343827 -7.2848 []}
11482130	{11482130 -7.2848 []}
9187933	{9187933 -7.2848 []}
9837937	{9837937 -7.2848 []}
9089676	{9089676 -7.2848 []}
11746653	{11746653 -7.2848 []}
9625186	{9625186 -7.2848 []}
9630508	{9630508 -7.2848 []}
9916507	{9916507 -7.2848 []}
9869645	{9869645 -7.2848 []}
12971913	{12971913 -7.2848 []}
9125318	{9125318 -7.2848 []}
9740113	{9740113 -7.2848 []}
10430421	{10430421 -7.2848 []}
10526094	{10526094 -7.2848 []}
9786245	{9786245 -7.2848 []}
12580702	{12580702 -7.2848 []}
9568731	{9568731 -7.2848 []}
9855543	{9855543 -7.2848 []}
10592684	{10592684 -7.2848 []}
11844869	{11844869 -7.2848 []}
11940689	{11940689 -7.2848 []}
9743578	{9743578 -7.2848 []}
8687416	{8687416 -7.2848 []}
12030413	{12030413 -7.2848 []}
8744402	{8744402 -7.2848 []}
12951205	{12951205 -7.2848 []}
8526475	{8526475 -7.2848 []}
9129729	{9129729 -7.2848 []}
11848621	{11848621 -7.2848 []}
10336256	{10336256 -7.2848 []}
9121705	{9121705 -7.2848 []}
9524800	{9524800 -7.2848 []}
8906609	{8906609 -7.2848 []}
10534256	{10534256 -7.2848 []}
7488135	{7488135 -7.2848 []}
8864947	{8864947 -7.2848 []}
11113336	{11113336 -7.2848 []}
12682309	{12682309 -7.2848 []}
10994644	{10994644 -7.2848 []}
8649552	{8649552 -7.2848 []}
11358444	{11358444 -7.2848 []}
11193147	{11193147 -7.2848 []}
9409253	{9409253 -7.2848 []}
12950448	{12950448 -7.2848 []}
10685028	{10685028 -7.2848 []}
10920030	{10920030 -7.2848 []}
9126060	{9126060 -7.2848 []}
11523146	{11523146 -7.2848 []}
12555245	{12555245 -7.2848 []}
11122341	{11122341 -7.2848 []}
11256794	{11256794 -7.2848 []}
8744406	{8744406 -7.2848 []}
9710033	{9710033 -7.2848 []}
11255448	{11255448 -7.2848 []}
10766998	{10766998 -7.2848 []}
11807900	{11807900 -7.2848 []}
12182886	{12182886 -7.2848 []}
10771168	{10771168 -7.2848 []}
11068149	{11068149 -7.2848 []}
8083686	{8083686 -7.2848 []}
12876265	{12876265 -7.2848 []}
9566379	{9566379 -7.2848 []}
8733730	{8733730 -7.2848 []}
7700596	{7700596 -7.2848 []}
8651653	{8651653 -7.2848 []}
9447448	{9447448 -7.2848 []}
10319883	{10319883 -7.2848 []}
12076977	{12076977 -7.2848 []}
10746604	{10746604 -7.2848 []}
11387943	{11387943 -7.2848 []}
10822352	{10822352 -7.2848 []}
12433260	{12433260 -7.2848 []}
11045665	{11045665 -7.2848 []}
11290387	{11290387 -7.2848 []}
11483304	{11483304 -7.2848 []}
7525898	{7525898 -7.2848 []}
9823831	{9823831 -7.2848 []}
11816794	{11816794 -7.2848 []}
11722612	{11722612 -7.2848 []}
9329486	{9329486 -7.2848 []}
10430422	{10430422 -7.2848 []}
14511323	{14511323 -7.2848 []}
11145984	{11145984 -7.2848 []}
11565608	{11565608 -7.2848 []}
12637119	{12637119 -7.2848 []}
8993483	{8993483 -7.2848 []}
8602762	{8602762 -7.2848 []}
7487559	{7487559 -7.2848 []}
12459889	{12459889 -7.2848 []}
7526899	{7526899 -7.2848 []}
9862571	{9862571 -7.2848 []}
11904138	{11904138 -7.2848 []}
8871952	{8871952 -7.2848 []}
12192623	{12192623 -7.2848 []}
12123847	{12123847 -7.2848 []}
9559926	{9559926 -7.2848 []}
9559653	{9559653 -7.2848 []}
7612383	{7612383 -7.2848 []}
10369887	{10369887 -7.2848 []}
9185685	{9185685 -7.2848 []}
10629142	{10629142 -7.2848 []}
12541014	{12541014 -7.2848 []}
9327723	{9327723 -7.2848 []}
9236226	{9236226 -7.2848 []}
9006661	{9006661 -7.2848 []}
7755725	{7755725 -7.2848 []}
8890599	{8890599 -7.2848 []}
9350853	{9350853 -7.2848 []}
9486483	{9486483 -7.2848 []}
7824144	{7824144 -7.2848 []}
11925775	{11925775 -7.2848 []}
11376902	{11376902 -7.2848 []}
8929997	{8929997 -7.2848 []}
9812182	{9812182 -7.2848 []}
12117549	{12117549 -7.2848 []}
9106747	{9106747 -7.2848 []}
10591674	{10591674 -7.2848 []}
10364643	{10364643 -7.2848 []}
12826741	{12826741 -7.2848 []}
8659934	{8659934 -7.2848 []}
8811124	{8811124 -7.2848 []}
10186439	{10186439 -7.2848 []}
8592548	{8592548 -7.2848 []}
11122698	{11122698 -7.2848 []}
12637699	{12637699 -7.2848 []}
10823584	{10823584 -7.2848 []}
11790212	{11790212 -7.2848 []}
11861652	{11861652 -7.2848 []}
11698154	{11698154 -7.2848 []}
11264988	{11264988 -7.2848 []}
8939277	{8939277 -7.2848 []}
11790634	{11790634 -7.2848 []}
11436129	{11436129 -7.2848 []}
12212789	{12212789 -7.2848 []}
9033257	{9033257 -7.2848 []}
11222634	{11222634 -7.2848 []}
11734357	{11734357 -7.2848 []}
10436115	{10436115 -7.2848 []}
12363410	{12363410 -7.2848 []}
10208278	{10208278 -7.2848 []}
10567488	{10567488 -7.2848 []}
8786379	{8786379 -7.2848 []}
10487842	{10487842 -7.2848 []}
9878186	{9878186 -7.2848 []}
10488949	{10488949 -7.2848 []}
10818526	{10818526 -7.2848 []}
11378247	{11378247 -7.2848 []}
12901842	{12901842 -7.2848 []}
9073034	{9073034 -7.2848 []}
10505604	{10505604 -7.2848 []}
9246676	{9246676 -7.2848 []}
9549589	{9549589 -7.2848 []}
9057170	{9057170 -7.2848 []}
10027548	{10027548 -7.2848 []}
11578751	{11578751 -7.2848 []}
9740234	{9740234 -7.2848 []}
9403708	{9403708 -7.2848 []}
10970054	{10970054 -7.2848 []}
9412500	{9412500 -7.2848 []}
10213175	{10213175 -7.2848 []}
7574461	{7574461 -7.2848 []}
8709704	{8709704 -7.2848 []}
11988340	{11988340 -7.2848 []}
12890772	{12890772 -7.2848 []}
9562306	{9562306 -7.2848 []}
10195399	{10195399 -7.2848 []}
8642164	{8642164 -7.2848 []}
9520072	{9520072 -7.2848 []}
7876895	{7876895 -7.2848 []}
12957490	{12957490 -7.2848 []}
10777685	{10777685 -7.2848 []}
9651008	{9651008 -7.2848 []}
7853700	{7853700 -7.2848 []}
8521945	{8521945 -7.2848 []}
9848808	{9848808 -7.2848 []}
10953177	{10953177 -7.2848 []}
12634421	{12634421 -7.2848 []}
12722978	{12722978 -7.2848 []}
11882522	{11882522 -7.2848 []}
10851367	{10851367 -7.2848 []}
10197814	{10197814 -7.2848 []}
11822882	{11822882 -7.2848 []}
12128082	{12128082 -7.2848 []}
11443731	{11443731 -7.2848 []}
9693262	{9693262 -7.2848 []}
10918055	{10918055 -7.2848 []}
9033259	{9033259 -7.2848 []}
7776813	{7776813 -7.2848 []}
11739991	{11739991 -7.2848 []}
8177532	{8177532 -7.2848 []}
12105373	{12105373 -7.2848 []}
12095226	{12095226 -7.2848 []}
8618855	{8618855 -7.2848 []}
7909036	{7909036 -7.2848 []}
11592113	{11592113 -7.2848 []}
12230303	{12230303 -7.2848 []}
12657430	{12657430 -7.2848 []}
8058125	{8058125 -7.2848 []}
11123940	{11123940 -7.2848 []}
10501182	{10501182 -7.2848 []}
7566652	{7566652 -7.2848 []}
9143263	{9143263 -7.2848 []}
7706948	{7706948 -7.2848 []}
11769625	{11769625 -7.2848 []}
8892351	{8892351 -7.2848 []}
8993485	{8993485 -7.2848 []}
8977148	{8977148 -7.2848 []}
10737125	{10737125 -7.2848 []}
9502209	{9502209 -7.2848 []}
9681640	{9681640 -7.2848 []}
11769703	{11769703 -7.2848 []}
12411758	{12411758 -7.2848 []}
12031891	{12031891 -7.2848 []}
10525138	{10525138 -7.2848 []}
10461029	{10461029 -7.2848 []}
11320185	{11320185 -7.2848 []}
10961667	{10961667 -7.2848 []}
12761223	{12761223 -7.2848 []}
8071310	{8071310 -7.2848 []}
10737693	{10737693 -7.2848 []}
8525799	{8525799 -7.2848 []}
12901781	{12901781 -7.2848 []}
11303757	{11303757 -7.2848 []}
7710374	{7710374 -7.2848 []}
8762193	{8762193 -7.2848 []}
8013374	{8013374 -7.2848 []}
8042228	{8042228 -7.2848 []}
11992623	{11992623 -7.2848 []}
10599878	{10599878 -7.2848 []}
7474917	{7474917 -7.2848 []}
12498968	{12498968 -7.2848 []}
11711530	{11711530 -7.2848 []}
8674441	{8674441 -7.2848 []}
9780089	{9780089 -7.2848 []}
12365882	{12365882 -7.2848 []}
12876259	{12876259 -7.2848 []}
9066358	{9066358 -7.2848 []}
10489042	{10489042 -7.2848 []}
11293821	{11293821 -7.2848 []}
10428071	{10428071 -7.2848 []}
8576504	{8576504 -7.2848 []}
7700578	{7700578 -7.2848 []}
9223597	{9223597 -7.2848 []}
9326451	{9326451 -7.2848 []}
9270069	{9270069 -7.2848 []}
9767914	{9767914 -7.2848 []}
11556686	{11556686 -7.2848 []}
9214529	{9214529 -7.2848 []}
9447442	{9447442 -7.2848 []}
9427340	{9427340 -7.2848 []}
9468467	{9468467 -7.2848 []}
8710077	{8710077 -7.2848 []}
11110974	{11110974 -7.2848 []}
9700655	{9700655 -7.2848 []}
10912914	{10912914 -7.2848 []}
9774779	{9774779 -7.2848 []}
12812866	{12812866 -7.2848 []}
11007687	{11007687 -7.2848 []}
9562469	{9562469 -7.2848 []}
9588907	{9588907 -7.2848 []}
11442298	{11442298 -7.2848 []}
7802679	{7802679 -7.2848 []}
11743999	{11743999 -7.2848 []}
11435901	{11435901 -7.2848 []}
11143490	{11143490 -7.2848 []}
11576650	{11576650 -7.2848 []}
9024330	{9024330 -7.2848 []}
12668899	{12668899 -7.2848 []}
12607822	{12607822 -7.2848 []}
10490274	{10490274 -7.2848 []}
9853706	{9853706 -7.2848 []}
12237848	{12237848 -7.2848 []}
9929679	{9929679 -7.2848 []}
12876550	{12876550 -7.2848 []}
14512715	{14512715 -7.2848 []}
12782345	{12782345 -7.2848 []}
10861213	{10861213 -7.2848 []}
11732920	{11732920 -7.2848 []}
8786385	{8786385 -7.2848 []}
10681402	{10681402 -7.2848 []}
9237487	{9237487 -7.2848 []}
12875979	{12875979 -7.2848 []}
11377835	{11377835 -7.2848 []}
11825674	{11825674 -7.2848 []}
11496365	{11496365 -7.2848 []}
12459519	{12459519 -7.2848 []}
10587578	{10587578 -7.2848 []}
10501208	{10501208 -7.2848 []}
12433263	{12433263 -7.2848 []}
9259370	{9259370 -7.2848 []}
11721146	{11721146 -7.2848 []}
10462111	{10462111 -7.2848 []}
10030402	{10030402 -7.2848 []}
8744405	{8744405 -7.2848 []}
11123907	{11123907 -7.2848 []}
9925654	{9925654 -7.2848 []}
9831815	{9831815 -7.2848 []}
10749663	{10749663 -7.2848 []}
12453673	{12453673 -7.2848 []}
7847865	{7847865 -7.2848 []}
7568158	{7568158 -7.2848 []}
9876966	{9876966 -7.2848 []}
10214736	{10214736 -7.2848 []}
9347936	{9347936 -7.2848 []}
8773602	{8773602 -7.2848 []}
9422368	{9422368 -7.2848 []}
10811879	{10811879 -7.2848 []}
12581338	{12581338 -7.2848 []}
9198315	{9198315 -7.2848 []}
9689449	{9689449 -7.2848 []}
10558867	{10558867 -7.2848 []}
10869806	{10869806 -7.2848 []}
11125144	{11125144 -7.2848 []}
9751198	{9751198 -7.2848 []}
7879604	{7879604 -7.2848 []}
9121226	{9121226 -7.2848 []}
10501193	{10501193 -7.2848 []}
9219874	{9219874 -7.2848 []}
10474059	{10474059 -7.2848 []}
9536099	{9536099 -7.2848 []}
10428074	{10428074 -7.2848 []}
11333435	{11333435 -7.2848 []}
11895043	{11895043 -7.2848 []}
8761338	{8761338 -7.2848 []}
10818508	{10818508 -7.2848 []}
11986126	{11986126 -7.2848 []}
12807963	{12807963 -7.2848 []}
7824200	{7824200 -7.2848 []}
9782459	{9782459 -7.2848 []}
10369305	{10369305 -7.2848 []}
10818534	{10818534 -7.2848 []}
9153464	{9153464 -7.2848 []}
9333264	{9333264 -7.2848 []}
11165374	{11165374 -7.2848 []}
8633046	{8633046 -7.2848 []}
8083687	{8083687 -7.2848 []}
12882964	{12882964 -7.2848 []}
7595642	{7595642 -7.2848 []}
8309625	{8309625 -7.2848 []}
10421878	{10421878 -7.2848 []}
8941642	{8941642 -7.2848 []}
9461617	{9461617 -7.2848 []}
10570512	{10570512 -7.2848 []}
9853024	{9853024 -7.2848 []}
10858588	{10858588 -7.2848 []}
9189032	{9189032 -7.2848 []}
12944519	{12944519 -7.2848 []}
7539827	{7539827 -7.2848 []}
10081980	{10081980 -7.2848 []}
12161276	{12161276 -7.2848 []}
9218645	{9218645 -7.2848 []}
8624094	{8624094 -7.2848 []}
10400221	{10400221 -7.2848 []}
12646385	{12646385 -7.2848 []}
8931004	{8931004 -7.2848 []}
10855603	{10855603 -7.2848 []}
7818636	{7818636 -7.2848 []}
12077730	{12077730 -7.2848 []}
12480755	{12480755 -7.2848 []}
8710175	{8710175 -7.2848 []}
9667569	{9667569 -7.2848 []}
7605379	{7605379 -7.2848 []}
10412731	{10412731 -7.2848 []}
9366728	{9366728 -7.2848 []}
8816305	{8816305 -7.2848 []}
10765057	{10765057 -7.2848 []}
9854388	{9854388 -7.2848 []}
7818249	{7818249 -7.2848 []}
11405810	{11405810 -7.2848 []}
11408789	{11408789 -7.2848 []}
8656944	{8656944 -7.2848 []}
7846048	{7846048 -7.2848 []}
9603433	{9603433 -7.2848 []}
10766901	{10766901 -7.2848 []}
12391602	{12391602 -7.2848 []}
8912490	{8912490 -7.2848 []}
9822164	{9822164 -7.2848 []}
9074396	{9074396 -7.2848 []}
11129109	{11129109 -7.2848 []}
8526476	{8526476 -7.2848 []}
11971084	{11971084 -7.2848 []}
9386782	{9386782 -7.2848 []}
11698153	{11698153 -7.2848 []}
8869295	{8869295 -7.2848 []}
9219743	{9219743 -7.2848 []}
7721816	{7721816 -7.2848 []}
8558171	{8558171 -7.2848 []}
10360679	{10360679 -7.2848 []}
7951676	{7951676 -7.2848 []}
10846860	{10846860 -7.2848 []}
10668705	{10668705 -7.2848 []}
10732806	{10732806 -7.2848 []}
9174000	{9174000 -7.2848 []}
7581381	{7581381 -7.2848 []}
11072138	{11072138 -7.2848 []}
11369806	{11369806 -7.2848 []}
9013407	{9013407 -7.2848 []}
9052712	{9052712 -7.2848 []}
8710076	{8710076 -7.2848 []}
10818140	{10818140 -7.2848 []}
12023056	{12023056 -7.2848 []}
11454984	{11454984 -7.2848 []}
7700597	{7700597 -7.2848 []}
11706973	{11706973 -7.2848 []}
10619631	{10619631 -7.2848 []}
10411341	{10411341 -7.2848 []}
14521991	{14521991 -7.2848 []}
9836756	{9836756 -7.2848 []}
7936857	{7936857 -7.2848 []}
12709467	{12709467 -7.2848 []}
10835442	{10835442 -7.2848 []}
12468034	{12468034 -7.2848 []}
10687744	{10687744 -7.2848 []}
9340872	{9340872 -7.2848 []}
8525803	{8525803 -7.2848 []}
12374623	{12374623 -7.2848 []}
10867200	{10867200 -7.2848 []}
9165306	{9165306 -7.2848 []}
12049183	{12049183 -7.2848 []}
10219785	{10219785 -7.2848 []}
12417380	{12417380 -7.2848 []}
11259129	{11259129 -7.2848 []}
11574101	{11574101 -7.2848 []}
11738469	{11738469 -7.2848 []}
11375142	{11375142 -7.2848 []}
10799751	{10799751 -7.2848 []}
11173877	{11173877 -7.2848 []}
10737120	{10737120 -7.2848 []}
12581343	{12581343 -7.2848 []}
9445249	{9445249 -7.2848 []}
10592690	{10592690 -7.2848 []}
9598682	{9598682 -7.2848 []}
11940690	{11940690 -7.2848 []}
8730823	{8730823 -7.2848 []}
12451676	{12451676 -7.2848 []}
10998477	{10998477 -7.2848 []}
10391478	{10391478 -7.2848 []}
11058789	{11058789 -7.2848 []}
7888092	{7888092 -7.2848 []}
11035488	{11035488 -7.2848 []}
10737615	{10737615 -7.2848 []}
10637933	{10637933 -7.2848 []}
8622392	{8622392 -7.2848 []}
12824768	{12824768 -7.2848 []}
11087769	{11087769 -7.2848 []}
11642543	{11642543 -7.2848 []}
12559837	{12559837 -7.2848 []}
12670700	{12670700 -7.2848 []}
12230301	{12230301 -7.2848 []}
11074789	{11074789 -7.2848 []}
10422994	{10422994 -7.2848 []}
11987699	{11987699 -7.2848 []}
11408299	{11408299 -7.2848 []}
7898715	{7898715 -7.2848 []}
8996815	{8996815 -7.2848 []}
9383026	{9383026 -7.2848 []}
8951889	{8951889 -7.2848 []}
7592957	{7592957 -7.2848 []}
9066369	{9066369 -7.2848 []}
11941486	{11941486 -7.2848 []}
11711225	{11711225 -7.2848 []}
12000192	{12000192 -7.2848 []}
10670439	{10670439 -7.2848 []}
12885570	{12885570 -7.2848 []}
11273849	{11273849 -7.2848 []}
11716140	{11716140 -7.2848 []}
12947160	{12947160 -7.2848 []}
9018400	{9018400 -7.2848 []}
9681639	{9681639 -7.2848 []}
12417379	{12417379 -7.2848 []}
8648892	{8648892 -7.2848 []}
8682150	{8682150 -7.2848 []}
8780111	{8780111 -7.2848 []}
8980023	{8980023 -7.2848 []}
7566008	{7566008 -7.2848 []}
10652986	{10652986 -7.2848 []}
11816789	{11816789 -7.2848 []}
9633759	{9633759 -7.2848 []}
12147333	{12147333 -7.2848 []}
8958361	{8958361 -7.2848 []}
12231459	{12231459 -7.2848 []}
12392766	{12392766 -7.2848 []}
9221767	{9221767 -7.2848 []}
11710891	{11710891 -7.2848 []}
11177205	{11177205 -7.2848 []}
12457072	{12457072 -7.2848 []}
11940706	{11940706 -7.2848 []}
8890795	{8890795 -7.2848 []}
10230703	{10230703 -7.2848 []}
9222173	{9222173 -7.2848 []}
10500259	{10500259 -7.2848 []}
10984073	{10984073 -7.2848 []}
8841971	{8841971 -7.2848 []}
10487843	{10487843 -7.2848 []}
12384263	{12384263 -7.2848 []}
9660395	{9660395 -7.2848 []}
10946021	{10946021 -7.2848 []}
8173818	{8173818 -7.2848 []}
9804121	{9804121 -7.2848 []}
12163621	{12163621 -7.2848 []}
9826113	{9826113 -7.2848 []}
9622609	{9622609 -7.2848 []}
8649585	{8649585 -7.2848 []}
12834112	{12834112 -7.2848 []}
12142731	{12142731 -7.2848 []}
12724118	{12724118 -7.2848 []}
12111439	{12111439 -7.2848 []}
12074828	{12074828 -7.2848 []}
11939894	{11939894 -7.2848 []}
10541592	{10541592 -7.2848 []}
12115887	{12115887 -7.2848 []}
7637575	{7637575 -7.2848 []}
11756600	{11756600 -7.2848 []}
9621997	{9621997 -7.2848 []}
11778650	{11778650 -7.2848 []}
10737598	{10737598 -7.2848 []}
12782758	{12782758 -7.2848 []}
10794857	{10794857 -7.2848 []}
8618665	{8618665 -7.2848 []}
9781520	{9781520 -7.2848 []}
11257253	{11257253 -7.2848 []}
10192208	{10192208 -7.2848 []}
9696068	{9696068 -7.2848 []}
12552037	{12552037 -7.2848 []}
9014911	{9014911 -7.2848 []}
11851296	{11851296 -7.2848 []}
12376533	{12376533 -7.2848 []}
9125900	{9125900 -7.2848 []}
9178861	{9178861 -7.2848 []}
10413465	{10413465 -7.2848 []}
9003067	{9003067 -7.2848 []}
8656943	{8656943 -7.2848 []}
7673184	{7673184 -7.2848 []}
11378241	{11378241 -7.2848 []}
11087768	{11087768 -7.2848 []}
10354518	{10354518 -7.2848 []}
9213069	{9213069 -7.2848 []}
7810577	{7810577 -7.2848 []}
7668834	{7668834 -7.2848 []}
11360807	{11360807 -7.2848 []}
12490529	{12490529 -7.2848 []}
12394840	{12394840 -7.2848 []}
10571241	{10571241 -7.2848 []}
9576554	{9576554 -7.2848 []}
9667603	{9667603 -7.2848 []}
11448080	{11448080 -7.2848 []}
8139083	{8139083 -7.2848 []}
11231028	{11231028 -7.2848 []}
9932417	{9932417 -7.2848 []}
12391598	{12391598 -7.2848 []}
10767725	{10767725 -7.2848 []}
10668701	{10668701 -7.2848 []}
11403971	{11403971 -7.2848 []}
11598497	{11598497 -7.2848 []}
12917433	{12917433 -7.2848 []}
9536100	{9536100 -7.2848 []}
10454160	{10454160 -7.2848 []}
11115331	{11115331 -7.2848 []}
11899259	{11899259 -7.2848 []}
10494348	{10494348 -7.2848 []}
11430905	{11430905 -7.2848 []}
8158175	{8158175 -7.2848 []}
9051750	{9051750 -7.2848 []}
8846237	{8846237 -7.2848 []}
11893773	{11893773 -7.2848 []}
12849539	{12849539 -7.2848 []}
7583250	{7583250 -7.2848 []}
11044587	{11044587 -7.2848 []}
11741391	{11741391 -7.2848 []}
10078062	{10078062 -7.2848 []}
9349544	{9349544 -7.2848 []}
11869551	{11869551 -7.2848 []}
11890488	{11890488 -7.2848 []}
10886308	{10886308 -7.2848 []}
12405544	{12405544 -7.2848 []}
8872419	{8872419 -7.2848 []}
10653281	{10653281 -7.2848 []}
8691961	{8691961 -7.2848 []}
9539409	{9539409 -7.2848 []}
9674794	{9674794 -7.2848 []}
10465706	{10465706 -7.2848 []}
10439444	{10439444 -7.2848 []}
10634455	{10634455 -7.2848 []}
9929680	{9929680 -7.2848 []}
11311545	{11311545 -7.2848 []}
12495080	{12495080 -7.2848 []}
7977363	{7977363 -7.2848 []}
9850873	{9850873 -7.2848 []}
10172880	{10172880 -7.2848 []}
11464462	{11464462 -7.2848 []}
10411671	{10411671 -7.2848 []}
10190820	{10190820 -7.2848 []}
8915608	{8915608 -7.2848 []}
8881379	{8881379 -7.2848 []}
10592634	{10592634 -7.2848 []}
11571321	{11571321 -7.2848 []}
12525890	{12525890 -7.2848 []}
10206226	{10206226 -7.2848 []}
10192210	{10192210 -7.2848 []}
10712207	{10712207 -7.2848 []}
9258256	{9258256 -7.2848 []}
12810610	{12810610 -7.2848 []}
11684351	{11684351 -7.2848 []}
10432380	{10432380 -7.2848 []}
9743563	{9743563 -7.2848 []}
10898905	{10898905 -7.2848 []}
11347179	{11347179 -7.2848 []}
11113612	{11113612 -7.2848 []}
9484353	{9484353 -7.2848 []}
8725895	{8725895 -7.2848 []}
8980016	{8980016 -7.2848 []}
7970216	{7970216 -7.2848 []}
11445256	{11445256 -7.2848 []}
7783963	{7783963 -7.2848 []}
9532343	{9532343 -7.2848 []}
8683540	{8683540 -7.2848 []}
11527492	{11527492 -7.2848 []}
11835370	{11835370 -7.2848 []}
12077215	{12077215 -7.2848 []}
8711797	{8711797 -7.2848 []}
12453676	{12453676 -7.2848 []}
11849755	{11849755 -7.2848 []}
10699053	{10699053 -7.2848 []}
11120597	{11120597 -7.2848 []}
9292870	{9292870 -7.2848 []}
8880693	{8880693 -7.2848 []}
7783958	{7783958 -7.2848 []}
10636159	{10636159 -7.2848 []}
8811505	{8811505 -7.2848 []}
12042316	{12042316 -7.2848 []}
9341932	{9341932 -7.2848 []}
10593300	{10593300 -7.2848 []}
11016543	{11016543 -7.2848 []}
9152721	{9152721 -7.2848 []}
9148246	{9148246 -7.2848 []}
9398632	{9398632 -7.2848 []}
11589917	{11589917 -7.2848 []}
11882744	{11882744 -7.2848 []}
11578777	{11578777 -7.2848 []}
12722493	{12722493 -7.2848 []}
8175773	{8175773 -7.2848 []}
8295635	{8295635 -7.2848 []}
9527138	{9527138 -7.2848 []}
9593678	{9593678 -7.2848 []}
9549720	{9549720 -7.2848 []}
11409442	{11409442 -7.2848 []}
9718053	{9718053 -7.2848 []}
9436726	{9436726 -7.2848 []}
11553788	{11553788 -7.2848 []}
11408727	{11408727 -7.2848 []}
9048759	{9048759 -7.2848 []}
7609909	{7609909 -7.2848 []}
8955927	{8955927 -7.2848 []}
9173910	{9173910 -7.2848 []}
7649988	{7649988 -7.2848 []}
10671644	{10671644 -7.2848 []}
11357958	{11357958 -7.2848 []}
7717688	{7717688 -7.2848 []}
11255440	{11255440 -7.2848 []}
12885574	{12885574 -7.2848 []}
7952845	{7952845 -7.2848 []}
10208640	{10208640 -7.2848 []}
11060356	{11060356 -7.2848 []}
9785148	{9785148 -7.2848 []}
10394937	{10394937 -7.2848 []}
12405546	{12405546 -7.2848 []}
12957499	{12957499 -7.2848 []}
11464464	{11464464 -7.2848 []}
10419818	{10419818 -7.2848 []}
11863377	{11863377 -7.2848 []}
9326295	{9326295 -7.2848 []}
10822427	{10822427 -7.2848 []}
11069947	{11069947 -7.2848 []}
11705626	{11705626 -7.2848 []}
11934472	{11934472 -7.2848 []}
9169250	{9169250 -7.2848 []}
8858181	{8858181 -7.2848 []}
8709703	{8709703 -7.2848 []}
9335533	{9335533 -7.2848 []}
9620064	{9620064 -7.2848 []}
12784029	{12784029 -7.2848 []}
11893839	{11893839 -7.2848 []}
11684342	{11684342 -7.2848 []}
10025785	{10025785 -7.2848 []}
12548360	{12548360 -7.2848 []}
11912108	{11912108 -7.2848 []}
9015824	{9015824 -7.2848 []}
8834536	{8834536 -7.2848 []}
12573540	{12573540 -7.2848 []}
10891924	{10891924 -7.2848 []}
12833577	{12833577 -7.2848 []}
12507771	{12507771 -7.2848 []}
8636429	{8636429 -7.2848 []}
12112161	{12112161 -7.2848 []}
11067868	{11067868 -7.2848 []}
14507342	{14507342 -7.2848 []}
11041282	{11041282 -7.2848 []}
11901276	{11901276 -7.2848 []}
11930162	{11930162 -7.2848 []}
11132184	{11132184 -7.2848 []}
12006218	{12006218 -7.2848 []}
7542371	{7542371 -7.2848 []}
8620924	{8620924 -7.2848 []}
8602063	{8602063 -7.2848 []}
9631384	{9631384 -7.2848 []}
12642767	{12642767 -7.2848 []}
9848097	{9848097 -7.2848 []}
9786612	{9786612 -7.2848 []}
10959835	{10959835 -7.2848 []}
10599813	{10599813 -7.2848 []}
9637403	{9637403 -7.2848 []}
8712790	{8712790 -7.2848 []}
9469259	{9469259 -7.2848 []}
